object={
	name="baobab_generator_1_0"
	clamp_to_water_level=no
	render_under_water=no
	generated_content=yes
	layer="semidynamic"
	pdxmesh="tree_baobab_01_mesh"
	count=22
	transform="5288.832520 0.000000 116.469910 0.000000 0.087049 0.000000 0.996204 0.293834 0.293834 0.293834
5295.663086 0.000000 122.980652 0.000000 0.515082 0.000000 0.857141 0.316287 0.316287 0.316287
5287.465820 0.000000 122.854462 0.000000 0.221212 0.000000 0.975226 0.309153 0.309153 0.309153
5289.963379 0.000000 120.498077 0.000000 0.057551 0.000000 0.998343 0.298377 0.298377 0.298377
5440.156738 0.000000 111.384567 0.000000 0.236172 0.000000 0.971711 0.280789 0.280789 0.280789
5437.512207 0.000000 112.994926 0.000000 0.539290 0.000000 0.842120 0.292999 0.292999 0.292999
5457.722656 0.000000 165.146088 0.000000 0.560290 0.000000 0.828296 0.301020 0.301020 0.301020
5454.650879 0.000000 163.309586 0.000000 0.169496 0.000000 0.985531 0.298340 0.298340 0.298340
5450.235840 0.000000 156.652954 0.000000 0.404215 0.000000 0.914664 0.300838 0.300838 0.300838
5460.436035 0.000000 155.240631 0.000000 0.584944 0.000000 0.811074 0.313158 0.313158 0.313158
5438.970703 0.000000 192.109116 0.000000 0.604569 0.000000 0.796553 0.325800 0.325800 0.325800
5443.820801 0.000000 183.258499 0.000000 0.652997 0.000000 0.757360 0.334642 0.334642 0.334642
5449.795410 0.000000 169.477493 0.000000 0.498055 0.000000 0.867146 0.320171 0.320171 0.320171
5446.912598 0.000000 169.454773 0.000000 0.676399 0.000000 0.736535 0.347085 0.347085 0.347085
5498.305176 0.000000 269.918945 0.000000 0.246823 0.000000 0.969061 0.300825 0.300825 0.300825
5500.454590 0.000000 266.276642 0.000000 0.674473 0.000000 0.738300 0.345674 0.345674 0.345674
5504.009766 0.000000 268.130005 0.000000 0.072783 0.000000 0.997348 0.294166 0.294166 0.294166
5512.667480 0.000000 230.716721 0.000000 0.096457 0.000000 0.995337 0.287191 0.287191 0.287191
5513.084961 0.000000 236.755371 0.000000 0.469931 0.000000 0.882703 0.317002 0.317002 0.317002
5506.575684 0.000000 267.064575 0.000000 0.501034 0.000000 0.865427 0.330276 0.330276 0.330276
5505.118652 0.000000 270.667603 0.000000 0.477114 0.000000 0.878841 0.329788 0.329788 0.329788
5513.693359 0.000000 235.000244 0.000000 0.205825 0.000000 0.978589 0.307733 0.307733 0.307733
"}
object={
	name="baobab_generator_1_1"
	clamp_to_water_level=no
	render_under_water=no
	generated_content=yes
	layer="semidynamic"
	pdxmesh="tree_baobab_02_mesh"
	count=18
	transform="5286.824707 0.000000 118.206665 0.000000 0.957348 0.000000 0.288936 0.381047 0.381047 0.381047
5285.463867 0.000000 120.574112 0.000000 0.935185 0.000000 0.354158 0.376863 0.376863 0.376863
5284.749023 0.000000 122.338226 0.000000 0.865136 0.000000 0.501538 0.364980 0.364980 0.364980
5286.707031 0.000000 121.526047 0.000000 0.778081 0.000000 0.628164 0.353709 0.353709 0.353709
5461.208496 0.000000 152.847992 0.000000 0.769895 0.000000 0.638171 0.329922 0.329922 0.329922
5457.360840 0.000000 159.129120 0.000000 0.975427 0.000000 0.220325 0.337322 0.337322 0.337322
5454.604980 0.000000 160.545731 0.000000 0.951526 0.000000 0.307568 0.354296 0.354296 0.354296
5441.451660 0.000000 178.845581 0.000000 0.893586 0.000000 0.448892 0.367597 0.367597 0.367597
5446.475098 0.000000 184.043762 0.000000 0.847190 0.000000 0.531290 0.352826 0.352826 0.352826
5446.054199 0.000000 171.051758 0.000000 0.731940 0.000000 0.681369 0.352090 0.352090 0.352090
5420.194824 0.000000 238.014877 0.000000 0.830621 0.000000 0.556838 0.326133 0.326133 0.326133
5502.419434 0.000000 268.084808 0.000000 0.892059 0.000000 0.451919 0.366636 0.366636 0.366636
5501.611816 0.000000 264.697174 0.000000 0.925692 0.000000 0.378278 0.350305 0.350305 0.350305
5515.486816 0.000000 234.497131 0.000000 0.984252 0.000000 0.176770 0.354087 0.354087 0.354087
5510.363770 0.000000 235.450134 0.000000 0.844801 0.000000 0.535081 0.345427 0.345427 0.345427
5514.166504 0.000000 232.451141 0.000000 0.993369 0.000000 0.114967 0.372284 0.372284 0.372284
5507.385254 0.000000 264.372009 0.000000 0.890660 0.000000 0.454671 0.368655 0.368655 0.368655
5505.726074 0.000000 268.841980 0.000000 0.854950 0.000000 0.518710 0.361470 0.361470 0.361470
"}
object={
	name="baobab_generator_1_2"
	clamp_to_water_level=no
	render_under_water=no
	generated_content=yes
	layer="semidynamic"
	pdxmesh="tree_baobab_03_mesh"
	count=20
	transform="5285.432617 0.000000 123.995796 0.000000 0.722637 0.000000 -0.691228 0.450872 0.450872 0.450872
5292.062988 0.000000 121.957878 0.000000 0.967290 0.000000 -0.253672 0.339536 0.339536 0.339536
5288.015625 0.000000 120.597351 0.000000 0.980898 0.000000 -0.194524 0.413148 0.413148 0.413148
5294.042969 0.000000 118.823418 0.000000 0.993565 0.000000 -0.113261 0.348973 0.348973 0.348973
5292.194824 0.000000 125.046127 0.000000 0.999999 0.000000 -0.001450 0.391124 0.391124 0.391124
5289.650879 0.000000 122.255493 0.000000 0.877837 0.000000 -0.478959 0.432296 0.432296 0.432296
5293.585449 0.000000 123.401848 0.000000 0.954082 0.000000 -0.299545 0.398167 0.398167 0.398167
5288.756348 0.000000 118.435242 0.000000 0.979536 0.000000 -0.201267 0.409281 0.409281 0.409281
5447.437500 0.000000 168.012375 0.000000 0.868117 0.000000 -0.496360 0.433196 0.433196 0.433196
5452.083496 0.000000 158.482605 0.000000 0.859540 0.000000 -0.511068 0.371527 0.371527 0.371527
5435.211426 0.000000 199.071259 0.000000 0.967111 0.000000 -0.254355 0.338356 0.338356 0.338356
5437.738281 0.000000 197.702271 0.000000 0.991870 0.000000 -0.127253 0.363600 0.363600 0.363600
5443.913086 0.000000 180.389664 0.000000 0.999597 0.000000 -0.028374 0.401814 0.401814 0.401814
5501.248047 0.000000 271.939545 0.000000 0.836261 0.000000 -0.548331 0.437527 0.437527 0.437527
5500.008301 0.000000 268.214661 0.000000 0.947002 0.000000 -0.321229 0.422207 0.422207 0.422207
5502.913574 0.000000 271.976013 0.000000 0.977412 0.000000 -0.211342 0.414620 0.414620 0.414620
5507.505371 0.000000 269.363647 0.000000 0.987495 0.000000 -0.157653 0.402953 0.402953 0.402953
5511.213379 0.000000 264.137573 0.000000 0.798824 0.000000 -0.601565 0.372385 0.372385 0.372385
5506.311035 0.000000 262.548584 0.000000 0.982565 0.000000 -0.185920 0.404707 0.404707 0.404707
5504.850586 0.000000 266.502197 0.000000 0.961401 0.000000 -0.275150 0.419277 0.419277 0.419277
"}
object={
	name="baobab_generator_1_3"
	clamp_to_water_level=no
	render_under_water=no
	generated_content=yes
	layer="semidynamic"
	pdxmesh="tree_baobab_04_mesh"
	count=17
	transform="5284.045898 0.000000 118.243668 0.000000 0.476090 0.000000 -0.879397 0.446433 0.446433 0.446433
5290.835938 0.000000 118.975029 0.000000 0.041157 0.000000 -0.999153 0.411298 0.411298 0.411298
5295.447754 0.000000 125.654449 0.000000 0.287409 0.000000 -0.957808 0.450073 0.450073 0.450073
5437.032715 0.000000 191.641190 0.000000 0.081876 0.000000 -0.996643 0.427818 0.427818 0.427818
5444.948730 0.000000 169.568192 0.000000 0.412216 0.000000 -0.911086 0.436325 0.436325 0.436325
5448.614258 0.000000 182.981979 0.000000 0.265293 0.000000 -0.964168 0.414045 0.414045 0.414045
5442.944824 0.000000 186.849060 0.000000 0.094580 0.000000 -0.995517 0.478284 0.478284 0.478284
5440.597656 0.000000 189.920410 0.000000 0.402475 0.000000 -0.915431 0.440062 0.440062 0.440062
5503.697754 0.000000 270.661652 0.000000 0.428611 0.000000 -0.903489 0.477432 0.477432 0.477432
5503.374512 0.000000 266.032990 0.000000 0.140731 0.000000 -0.990048 0.498506 0.498506 0.498506
5501.282227 0.000000 269.892700 0.000000 0.236140 0.000000 -0.971719 0.490478 0.490478 0.490478
5502.871094 0.000000 269.448029 0.000000 0.264592 0.000000 -0.964360 0.492712 0.492712 0.492712
5508.957520 0.000000 265.784576 0.000000 0.332531 0.000000 -0.943092 0.481802 0.481802 0.481802
5510.070312 0.000000 232.977463 0.000000 0.043103 0.000000 -0.999071 0.457012 0.457012 0.457012
5509.729492 0.000000 267.966339 0.000000 0.433921 0.000000 -0.900951 0.441297 0.441297 0.441297
5510.953125 0.000000 261.547760 0.000000 0.349823 0.000000 -0.936816 0.432000 0.432000 0.432000
5509.351074 0.000000 264.063446 0.000000 0.133331 0.000000 -0.991072 0.495433 0.495433 0.495433
"}
