object={
	name="baobab_generator_2_0"
	clamp_to_water_level=no
	render_under_water=no
	generated_content=yes
	layer="semidynamic_medium"
	pdxmesh="tree_baobab_01_mesh"
	count=207
	transform="3684.620605 0.000000 216.161621 0.000000 0.383303 0.000000 0.923623 0.189418 0.189418 0.189418
3703.819336 0.000000 244.768417 0.000000 0.352724 0.000000 0.935727 0.205761 0.205761 0.205761
3701.566895 0.000000 238.399719 0.000000 0.032904 0.000000 0.999459 0.210123 0.210123 0.210123
3664.716797 0.000000 258.035339 0.000000 0.223411 0.000000 0.974724 0.202272 0.202272 0.202272
3709.638184 0.000000 245.660736 0.000000 0.697349 0.000000 0.716732 0.228256 0.228256 0.228256
3703.794922 0.000000 238.943726 0.000000 0.096679 0.000000 0.995316 0.247589 0.247589 0.247589
3707.815186 0.000000 244.657303 0.000000 0.004899 0.000000 0.999988 0.226192 0.226192 0.226192
3670.981445 0.000000 254.162048 0.000000 0.494368 0.000000 0.869252 0.243660 0.243660 0.243660
3733.705078 0.000000 252.805206 0.000000 0.640777 0.000000 0.767727 0.193007 0.193007 0.193007
3732.569336 0.000000 231.323959 0.000000 0.577786 0.000000 0.816188 0.193087 0.193087 0.193087
3731.771729 0.000000 248.562943 0.000000 0.367202 0.000000 0.930141 0.190157 0.190157 0.190157
3714.356934 0.000000 230.835693 0.000000 0.562700 0.000000 0.826661 0.203366 0.203366 0.203366
3721.400879 0.000000 355.025391 0.000000 0.076041 0.000000 0.997105 0.189552 0.189552 0.189552
5340.793945 0.000000 2.841776 0.000000 0.069227 0.000000 0.997601 0.189879 0.189879 0.189879
5324.978516 0.000000 0.735984 0.000000 0.370934 0.000000 0.928659 0.191973 0.191973 0.191973
5357.434082 0.000000 29.729279 0.000000 0.414599 0.000000 0.910004 0.189725 0.189725 0.189725
5358.693848 0.000000 32.058651 0.000000 0.671437 0.000000 0.741062 0.267339 0.267339 0.267339
5295.722656 0.000000 100.804047 0.000000 0.171290 0.000000 0.985221 0.190048 0.190048 0.190048
5311.958008 0.000000 77.383377 0.000000 0.511484 0.000000 0.859293 0.192902 0.192902 0.192902
5293.434082 0.000000 86.213654 0.000000 0.321401 0.000000 0.946943 0.200973 0.200973 0.200973
5282.932617 0.000000 110.561295 0.000000 0.578591 0.000000 0.815618 0.218347 0.218347 0.218347
5310.419434 0.000000 98.631683 0.000000 0.519231 0.000000 0.854634 0.197206 0.197206 0.197206
5301.013672 0.000000 91.130714 0.000000 0.238603 0.000000 0.971117 0.188214 0.188214 0.188214
5281.062500 0.000000 108.558296 0.000000 0.070255 0.000000 0.997529 0.216952 0.216952 0.216952
5304.065918 0.000000 138.331329 0.000000 0.321089 0.000000 0.947049 0.191770 0.191770 0.191770
5306.807129 0.000000 119.623291 0.000000 0.591846 0.000000 0.806051 0.193564 0.193564 0.193564
5297.519043 0.000000 119.298386 0.000000 0.462072 0.000000 0.886843 0.262388 0.262388 0.262388
5296.541992 0.000000 135.554016 0.000000 0.104648 0.000000 0.994509 0.201542 0.201542 0.201542
5278.530273 0.000000 136.428818 0.000000 0.332474 0.000000 0.943112 0.188621 0.188621 0.188621
5279.826172 0.000000 121.091125 0.000000 0.304872 0.000000 0.952393 0.259570 0.259570 0.259570
5298.789551 0.000000 125.056053 0.000000 0.275340 0.000000 0.961347 0.188551 0.188551 0.188551
5274.364746 0.000000 138.530060 0.000000 0.326540 0.000000 0.945183 0.189336 0.189336 0.189336
5280.426758 0.000000 125.406563 0.000000 0.656665 0.000000 0.754182 0.262403 0.262403 0.262403
5280.618164 0.000000 116.334358 0.000000 0.109632 0.000000 0.993972 0.264754 0.264754 0.264754
5277.530273 0.000000 140.261108 0.000000 0.577334 0.000000 0.816508 0.193248 0.193248 0.193248
5288.974609 0.000000 124.490318 0.000000 0.573441 0.000000 0.819247 0.288325 0.288325 0.288325
5276.431641 0.000000 120.476601 0.000000 0.222938 0.000000 0.974833 0.238497 0.238497 0.238497
5281.099609 0.000000 146.918427 0.000000 0.662068 0.000000 0.749444 0.204888 0.204888 0.204888
5295.537109 0.000000 140.097214 0.000000 0.079447 0.000000 0.996839 0.217113 0.217113 0.217113
5296.746582 0.000000 116.206406 0.000000 0.400908 0.000000 0.916118 0.260380 0.260380 0.260380
5291.690430 0.000000 116.532738 0.000000 0.027063 0.000000 0.999634 0.228113 0.228113 0.228113
5282.934570 0.000000 116.537933 0.000000 0.578481 0.000000 0.815696 0.272262 0.272262 0.272262
5285.372070 0.000000 117.033295 0.000000 0.047735 0.000000 0.998860 0.253554 0.253554 0.253554
5282.937012 0.000000 114.753471 0.000000 0.425156 0.000000 0.905120 0.265849 0.265849 0.265849
5285.374023 0.000000 118.935272 0.000000 0.691244 0.000000 0.722622 0.337629 0.337629 0.337629
5291.440918 0.000000 120.657127 0.000000 0.335498 0.000000 0.942041 0.302522 0.302522 0.302522
5284.191406 0.000000 124.673706 0.000000 0.585972 0.000000 0.810331 0.331169 0.331169 0.331169
5288.696289 0.000000 123.216331 0.000000 0.076411 0.000000 0.997076 0.303377 0.303377 0.303377
5292.345703 0.000000 123.685287 0.000000 0.514345 0.000000 0.857583 0.322635 0.322635 0.322635
5321.641113 0.000000 166.156601 0.000000 0.484313 0.000000 0.874895 0.191756 0.191756 0.191756
5438.390625 0.000000 112.244919 0.000000 0.534427 0.000000 0.845214 0.291990 0.291990 0.291990
5437.292480 0.000000 125.527725 0.000000 0.601529 0.000000 0.798851 0.192492 0.192492 0.192492
5441.451172 0.000000 125.144379 0.000000 0.417708 0.000000 0.908581 0.191320 0.191320 0.191320
5466.709961 0.000000 150.008698 0.000000 0.467155 0.000000 0.884175 0.189709 0.189709 0.189709
5444.763672 0.000000 149.160950 0.000000 0.434445 0.000000 0.900698 0.234616 0.234616 0.234616
5463.371094 0.000000 155.982681 0.000000 0.678249 0.000000 0.734832 0.278936 0.278936 0.278936
5446.724121 0.000000 146.476257 0.000000 0.333249 0.000000 0.942839 0.248259 0.248259 0.248259
5443.510742 0.000000 159.896729 0.000000 0.578377 0.000000 0.815770 0.197038 0.197038 0.197038
5447.213379 0.000000 151.168808 0.000000 0.099237 0.000000 0.995064 0.242040 0.242040 0.242040
5452.721191 0.000000 151.293610 0.000000 0.575318 0.000000 0.817930 0.263801 0.263801 0.263801
5459.443848 0.000000 162.888519 0.000000 0.001246 0.000000 0.999999 0.223197 0.223197 0.223197
5475.689941 0.000000 164.570404 0.000000 0.075390 0.000000 0.997154 0.204402 0.204402 0.204402
5444.384766 0.000000 163.741394 0.000000 0.632965 0.000000 0.774181 0.254575 0.254575 0.254575
5442.552734 0.000000 169.044983 0.000000 0.545488 0.000000 0.838119 0.262766 0.262766 0.262766
5442.269043 0.000000 166.402603 0.000000 0.380666 0.000000 0.924713 0.255076 0.255076 0.255076
5457.493164 0.000000 156.941528 0.000000 0.398519 0.000000 0.917160 0.290053 0.290053 0.290053
5448.237305 0.000000 160.995316 0.000000 0.384550 0.000000 0.923104 0.257530 0.257530 0.257530
5453.139648 0.000000 156.513443 0.000000 0.607144 0.000000 0.794592 0.293161 0.293161 0.293161
5450.234863 0.000000 160.414642 0.000000 0.142876 0.000000 0.989741 0.259282 0.259282 0.259282
5455.799805 0.000000 156.032593 0.000000 0.322458 0.000000 0.946584 0.270421 0.270421 0.270421
5455.325195 0.000000 147.977203 0.000000 0.274753 0.000000 0.961515 0.268678 0.268678 0.268678
5444.679688 0.000000 165.583679 0.000000 0.052157 0.000000 0.998639 0.260796 0.260796 0.260796
5453.340332 0.000000 153.195526 0.000000 0.651605 0.000000 0.758558 0.269180 0.269180 0.269180
5452.773926 0.000000 147.152786 0.000000 0.576036 0.000000 0.817424 0.282809 0.282809 0.282809
5452.970703 0.000000 159.954529 0.000000 0.206493 0.000000 0.978448 0.285888 0.285888 0.285888
5456.310547 0.000000 160.564240 0.000000 0.179683 0.000000 0.983724 0.289528 0.289528 0.289528
5456.425781 0.000000 163.671814 0.000000 0.335377 0.000000 0.942084 0.297278 0.297278 0.297278
5451.147461 0.000000 151.134338 0.000000 0.618302 0.000000 0.785941 0.278877 0.278877 0.278877
5449.880371 0.000000 146.487335 0.000000 0.489411 0.000000 0.872053 0.276802 0.276802 0.276802
5434.504395 0.000000 193.211975 0.000000 0.665188 0.000000 0.746676 0.264470 0.264470 0.264470
5437.638184 0.000000 189.176361 0.000000 0.607872 0.000000 0.794035 0.298026 0.298026 0.298026
5429.633789 0.000000 206.510361 0.000000 0.470367 0.000000 0.882471 0.242196 0.242196 0.242196
5437.251953 0.000000 176.267639 0.000000 0.386359 0.000000 0.922348 0.257587 0.257587 0.257587
5431.405273 0.000000 204.306213 0.000000 0.554678 0.000000 0.832065 0.241824 0.241824 0.241824
5433.190430 0.000000 211.559937 0.000000 0.216491 0.000000 0.976285 0.221142 0.221142 0.221142
5435.815430 0.000000 188.172928 0.000000 0.446665 0.000000 0.894701 0.269718 0.269718 0.269718
5433.129395 0.000000 208.271713 0.000000 0.490422 0.000000 0.871485 0.242713 0.242713 0.242713
5439.825195 0.000000 182.705765 0.000000 0.576951 0.000000 0.816778 0.252812 0.252812 0.252812
5436.473145 0.000000 196.437195 0.000000 0.018168 0.000000 0.999835 0.282263 0.282263 0.282263
5439.169434 0.000000 186.330811 0.000000 0.693405 0.000000 0.720548 0.285682 0.285682 0.285682
5440.042480 0.000000 169.460449 0.000000 0.623536 0.000000 0.781795 0.227474 0.227474 0.227474
5455.671387 0.000000 170.982224 0.000000 0.455414 0.000000 0.890280 0.246786 0.246786 0.246786
5450.166504 0.000000 175.966766 0.000000 0.706351 0.000000 0.707862 0.251604 0.251604 0.251604
5442.199219 0.000000 176.565414 0.000000 0.470704 0.000000 0.882291 0.306535 0.306535 0.306535
5451.084961 0.000000 179.831787 0.000000 0.204561 0.000000 0.978854 0.275537 0.275537 0.275537
5447.620605 0.000000 175.682343 0.000000 0.344644 0.000000 0.938733 0.278456 0.278456 0.278456
5443.050781 0.000000 172.847397 0.000000 0.479173 0.000000 0.877720 0.273273 0.273273 0.273273
5451.316406 0.000000 170.370163 0.000000 0.247214 0.000000 0.968961 0.264880 0.264880 0.264880
5448.993164 0.000000 172.579849 0.000000 0.039644 0.000000 0.999214 0.253952 0.253952 0.253952
5450.378418 0.000000 181.314499 0.000000 0.584836 0.000000 0.811152 0.275821 0.275821 0.275821
5442.209961 0.000000 180.227951 0.000000 0.608086 0.000000 0.793872 0.341383 0.341383 0.341383
5447.231934 0.000000 182.692398 0.000000 0.242703 0.000000 0.970101 0.292626 0.292626 0.292626
5442.597656 0.000000 182.918137 0.000000 0.649027 0.000000 0.760765 0.334340 0.334340 0.334340
5370.544434 0.000000 322.844971 0.000000 0.545479 0.000000 0.838124 0.193425 0.193425 0.193425
5432.065918 0.000000 251.300079 0.000000 0.378105 0.000000 0.925763 0.192173 0.192173 0.192173
5431.531250 0.000000 236.541168 0.000000 0.579598 0.000000 0.814903 0.192509 0.192509 0.192509
5423.645996 0.000000 233.635498 0.000000 0.562366 0.000000 0.826889 0.294128 0.294128 0.294128
5421.587891 0.000000 233.709763 0.000000 0.244236 0.000000 0.969716 0.267577 0.267577 0.267577
5426.425293 0.000000 228.091873 0.000000 0.638000 0.000000 0.770036 0.243200 0.243200 0.243200
5419.071777 0.000000 236.515991 0.000000 0.570029 0.000000 0.821624 0.251743 0.251743 0.251743
5420.442383 0.000000 232.450287 0.000000 0.035234 0.000000 0.999379 0.260206 0.260206 0.260206
5495.107910 0.000000 271.138794 0.000000 0.044752 0.000000 0.998998 0.190061 0.190061 0.190061
5488.023926 0.000000 278.472534 0.000000 0.520748 0.000000 0.853710 0.198152 0.198152 0.198152
5491.402344 0.000000 279.904755 0.000000 0.241403 0.000000 0.970425 0.191287 0.191287 0.191287
5481.967773 0.000000 255.755432 0.000000 0.615888 0.000000 0.787834 0.231837 0.231837 0.231837
5495.819336 0.000000 244.768417 0.000000 0.207967 0.000000 0.978136 0.223379 0.223379 0.223379
5484.194824 0.000000 238.014877 0.000000 0.235534 0.000000 0.971866 0.196436 0.196436 0.196436
5489.394043 0.000000 251.267273 0.000000 0.409643 0.000000 0.912246 0.210980 0.210980 0.210980
5496.346680 0.000000 248.138397 0.000000 0.563531 0.000000 0.826095 0.219876 0.219876 0.219876
5502.994629 0.000000 273.561279 0.000000 0.020854 0.000000 0.999783 0.269999 0.269999 0.269999
5480.179688 0.000000 254.122131 0.000000 0.658863 0.000000 0.752263 0.232877 0.232877 0.232877
5499.003418 0.000000 271.947205 0.000000 0.201998 0.000000 0.979386 0.275434 0.275434 0.275434
5488.891113 0.000000 254.311584 0.000000 0.260557 0.000000 0.965458 0.270262 0.270262 0.270262
5493.385254 0.000000 256.544769 0.000000 0.114194 0.000000 0.993458 0.277469 0.277469 0.277469
5500.027344 0.000000 270.819885 0.000000 0.633790 0.000000 0.773505 0.342817 0.342817 0.342817
5390.953125 0.000000 336.393585 0.000000 0.244037 0.000000 0.969766 0.189916 0.189916 0.189916
5392.971680 0.000000 331.598907 0.000000 0.504335 0.000000 0.863508 0.191804 0.191804 0.191804
5427.402344 0.000000 336.389130 0.000000 0.475969 0.000000 0.879462 0.193901 0.193901 0.193901
5437.611816 0.000000 321.181549 0.000000 0.385589 0.000000 0.922671 0.189235 0.189235 0.189235
5401.916992 0.000000 327.188080 0.000000 0.094197 0.000000 0.995554 0.204664 0.204664 0.204664
5405.422852 0.000000 320.973694 0.000000 0.520020 0.000000 0.854154 0.241782 0.241782 0.241782
5404.944336 0.000000 318.289246 0.000000 0.430288 0.000000 0.902692 0.254993 0.254993 0.254993
5455.130859 0.000000 321.793671 0.000000 0.402222 0.000000 0.915542 0.190325 0.190325 0.190325
5462.478027 0.000000 317.315155 0.000000 0.347608 0.000000 0.937640 0.189984 0.189984 0.189984
5478.893555 0.000000 301.869202 0.000000 0.449436 0.000000 0.893312 0.191726 0.191726 0.191726
5447.979980 0.000000 324.557159 0.000000 0.005509 0.000000 0.999985 0.188277 0.188277 0.188277
5443.505371 0.000000 325.848022 0.000000 0.155600 0.000000 0.987820 0.188346 0.188346 0.188346
5459.771973 0.000000 305.047333 0.000000 0.187267 0.000000 0.982309 0.188266 0.188266 0.188266
5453.506836 0.000000 318.236359 0.000000 0.596300 0.000000 0.802762 0.205735 0.205735 0.205735
5475.200195 0.000000 295.218842 0.000000 0.554206 0.000000 0.832379 0.211526 0.211526 0.211526
5504.254883 0.000000 273.078369 0.000000 0.006134 0.000000 0.999981 0.248347 0.248347 0.248347
5510.215332 0.000000 274.875122 0.000000 0.599214 0.000000 0.800589 0.192352 0.192352 0.192352
5515.929688 0.000000 237.943359 0.000000 0.178570 0.000000 0.983927 0.265235 0.265235 0.265235
5513.604492 0.000000 253.391891 0.000000 0.153161 0.000000 0.988201 0.233088 0.233088 0.233088
5524.094727 0.000000 241.338394 0.000000 0.047336 0.000000 0.998879 0.203209 0.203209 0.203209
5515.616211 0.000000 255.278656 0.000000 0.170567 0.000000 0.985346 0.233478 0.233478 0.233478
5512.173828 0.000000 248.203812 0.000000 0.506180 0.000000 0.862428 0.243973 0.243973 0.243973
5510.997070 0.000000 266.194458 0.000000 0.086896 0.000000 0.996217 0.239588 0.239588 0.239588
5529.618652 0.000000 277.614746 0.000000 0.076038 0.000000 0.997105 0.222416 0.222416 0.222416
5508.035156 0.000000 232.157227 0.000000 0.538518 0.000000 0.842614 0.308166 0.308166 0.308166
5504.525879 0.000000 263.240601 0.000000 0.052210 0.000000 0.998636 0.274820 0.274820 0.274820
5512.280273 0.000000 260.168457 0.000000 0.265995 0.000000 0.963974 0.258333 0.258333 0.258333
5508.140625 0.000000 267.505402 0.000000 0.565933 0.000000 0.824451 0.324645 0.324645 0.324645
5508.635742 0.000000 238.340393 0.000000 0.013677 0.000000 0.999906 0.273178 0.273178 0.273178
5514.378418 0.000000 237.798874 0.000000 0.683158 0.000000 0.730271 0.285190 0.285190 0.285190
5513.912598 0.000000 255.039642 0.000000 0.069898 0.000000 0.997554 0.263325 0.263325 0.263325
5506.657715 0.000000 270.699829 0.000000 0.498460 0.000000 0.866913 0.282620 0.282620 0.282620
5512.161133 0.000000 238.058899 0.000000 0.076046 0.000000 0.997104 0.270410 0.270410 0.270410
5504.421387 0.000000 269.460632 0.000000 0.214266 0.000000 0.976775 0.304276 0.304276 0.304276
5512.904785 0.000000 232.217163 0.000000 0.409595 0.000000 0.912267 0.317905 0.317905 0.317905
5505.451172 0.000000 294.597504 0.000000 0.650791 0.000000 0.759257 0.193758 0.193758 0.193758
5513.400879 0.000000 298.541016 0.000000 0.514289 0.000000 0.857617 0.190480 0.190480 0.190480
5545.385742 0.000000 315.339996 0.000000 0.420451 0.000000 0.907315 0.207623 0.207623 0.207623
5539.765137 0.000000 308.269135 0.000000 0.367502 0.000000 0.930023 0.189712 0.189712 0.189712
5518.220703 0.000000 299.502777 0.000000 0.431249 0.000000 0.902233 0.227783 0.227783 0.227783
5514.351562 0.000000 303.300842 0.000000 0.283943 0.000000 0.958841 0.189085 0.189085 0.189085
5533.237305 0.000000 315.944092 0.000000 0.106816 0.000000 0.994279 0.187309 0.187309 0.187309
5548.376953 0.000000 328.689575 0.000000 0.502439 0.000000 0.864613 0.190353 0.190353 0.190353
5526.628418 0.000000 312.449097 0.000000 0.379978 0.000000 0.924995 0.197291 0.197291 0.197291
5519.197266 0.000000 294.054657 0.000000 0.659269 0.000000 0.751907 0.217127 0.217127 0.217127
5540.759766 0.000000 303.798096 0.000000 0.125875 0.000000 0.992046 0.212382 0.212382 0.212382
5526.782715 0.000000 289.725250 0.000000 0.133978 0.000000 0.990984 0.210100 0.210100 0.210100
5548.051758 0.000000 314.516205 0.000000 0.102261 0.000000 0.994758 0.203148 0.203148 0.203148
5517.612305 0.000000 285.550476 0.000000 0.561233 0.000000 0.827658 0.234996 0.234996 0.234996
5531.966309 0.000000 292.034973 0.000000 0.347222 0.000000 0.937783 0.239939 0.239939 0.239939
5518.749512 0.000000 282.452942 0.000000 0.284827 0.000000 0.958579 0.271165 0.271165 0.271165
5530.957520 0.000000 289.048706 0.000000 0.313694 0.000000 0.949524 0.251563 0.251563 0.251563
5425.519043 0.000000 345.235870 0.000000 0.168208 0.000000 0.985751 0.187751 0.187751 0.187751
5384.407715 0.000000 346.718597 0.000000 0.483791 0.000000 0.875183 0.192550 0.192550 0.192550
5421.943359 0.000000 341.261169 0.000000 0.360537 0.000000 0.932745 0.208484 0.208484 0.208484
5418.835938 0.000000 344.912537 0.000000 0.004894 0.000000 0.999988 0.190468 0.190468 0.190468
5472.032227 0.000000 375.844147 0.000000 0.233752 0.000000 0.972296 0.250033 0.250033 0.250033
5466.074219 0.000000 369.422668 0.000000 0.290090 0.000000 0.956999 0.191810 0.191810 0.191810
5478.535645 0.000000 368.414368 0.000000 0.411096 0.000000 0.911592 0.200369 0.200369 0.200369
5474.857422 0.000000 368.035156 0.000000 0.701092 0.000000 0.713071 0.197786 0.197786 0.197786
5464.572266 0.000000 378.370605 0.000000 0.136963 0.000000 0.990576 0.195282 0.195282 0.195282
5481.967773 0.000000 368.724182 0.000000 0.094164 0.000000 0.995557 0.193112 0.193112 0.193112
5473.910645 0.000000 381.229126 0.000000 0.105794 0.000000 0.994388 0.239343 0.239343 0.239343
5478.646484 0.000000 371.063477 0.000000 0.014141 0.000000 0.999900 0.203548 0.203548 0.203548
5472.544434 0.000000 386.237823 0.000000 0.483957 0.000000 0.875092 0.224541 0.224541 0.224541
5471.373535 0.000000 382.339355 0.000000 0.676100 0.000000 0.736810 0.234230 0.234230 0.234230
5474.508301 0.000000 385.471985 0.000000 0.007980 0.000000 0.999968 0.216621 0.216621 0.216621
5442.356934 0.000000 400.288818 0.000000 0.493605 0.000000 0.869686 0.201469 0.201469 0.201469
5453.612305 0.000000 398.519226 0.000000 0.452667 0.000000 0.891680 0.217831 0.217831 0.217831
5541.432617 0.000000 349.933289 0.000000 0.509812 0.000000 0.860286 0.191337 0.191337 0.191337
5527.890625 0.000000 357.963959 0.000000 0.001905 0.000000 0.999998 0.188641 0.188641 0.188641
5530.122559 0.000000 349.714630 0.000000 0.120785 0.000000 0.992679 0.188961 0.188961 0.188961
5535.826172 0.000000 347.028625 0.000000 0.456434 0.000000 0.889757 0.191648 0.191648 0.191648
5544.763184 0.000000 354.028442 0.000000 0.547333 0.000000 0.836915 0.191212 0.191212 0.191212
5551.663086 0.000000 348.918152 0.000000 0.202186 0.000000 0.979347 0.190001 0.190001 0.190001
5510.057129 0.000000 383.843994 0.000000 0.403391 0.000000 0.915027 0.196679 0.196679 0.196679
5516.375000 0.000000 393.574097 0.000000 0.138027 0.000000 0.990428 0.230491 0.230491 0.230491
5529.661133 0.000000 398.456848 0.000000 0.617468 0.000000 0.786596 0.198512 0.198512 0.198512
5521.664551 0.000000 402.046661 0.000000 0.475749 0.000000 0.879581 0.262847 0.262847 0.262847
5513.795410 0.000000 395.415009 0.000000 0.500720 0.000000 0.865609 0.237875 0.237875 0.237875
5528.077637 0.000000 404.787079 0.000000 0.522901 0.000000 0.852393 0.219108 0.219108 0.219108
5517.612305 0.000000 398.519226 0.000000 0.510567 0.000000 0.859838 0.234670 0.234670 0.234670
"}
object={
	name="baobab_generator_2_1"
	clamp_to_water_level=no
	render_under_water=no
	generated_content=yes
	layer="semidynamic_medium"
	pdxmesh="tree_baobab_02_mesh"
	count=233
	transform="3728.971924 0.000000 218.630157 0.000000 0.999992 0.000000 0.003991 0.199968 0.199968 0.199968
3647.957764 0.000000 246.836502 0.000000 0.949359 0.000000 0.314193 0.197766 0.197766 0.197766
3706.462158 0.000000 243.007553 0.000000 0.999698 0.000000 0.024588 0.233789 0.233789 0.233789
3673.283936 0.000000 247.555252 0.000000 0.999982 0.000000 0.006006 0.228484 0.228484 0.228484
3671.340088 0.000000 258.345001 0.000000 0.950210 0.000000 0.311610 0.267780 0.267780 0.267780
3672.422119 0.000000 255.637756 0.000000 0.810296 0.000000 0.586020 0.260119 0.260119 0.260119
3673.034668 0.000000 257.884003 0.000000 0.998844 0.000000 0.048070 0.285509 0.285509 0.285509
3718.363770 0.000000 235.450134 0.000000 0.996613 0.000000 0.082238 0.229579 0.229579 0.229579
3716.602295 0.000000 228.543320 0.000000 0.990830 0.000000 0.135118 0.232054 0.232054 0.232054
3727.273193 0.000000 360.824799 0.000000 0.936166 0.000000 0.351559 0.197444 0.197444 0.197444
5357.311035 0.000000 34.349888 0.000000 0.923632 0.000000 0.383280 0.218698 0.218698 0.218698
5311.487305 0.000000 86.712090 0.000000 0.928807 0.000000 0.370563 0.197252 0.197252 0.197252
5296.541992 0.000000 79.069641 0.000000 0.970409 0.000000 0.241469 0.198210 0.198210 0.198210
5309.248047 0.000000 102.486435 0.000000 0.791941 0.000000 0.610598 0.194507 0.194507 0.194507
5298.584961 0.000000 84.378632 0.000000 0.751847 0.000000 0.659338 0.283276 0.283276 0.283276
5285.098633 0.000000 99.355377 0.000000 0.845358 0.000000 0.534200 0.195216 0.195216 0.195216
5299.759277 0.000000 87.849228 0.000000 0.936721 0.000000 0.350076 0.274938 0.274938 0.274938
5295.537109 0.000000 83.612839 0.000000 0.989807 0.000000 0.142415 0.229761 0.229761 0.229761
5276.380371 0.000000 111.334717 0.000000 0.830759 0.000000 0.556632 0.218987 0.218987 0.218987
5280.330078 0.000000 110.781822 0.000000 0.759968 0.000000 0.649960 0.256246 0.256246 0.256246
5300.316895 0.000000 85.610275 0.000000 0.898687 0.000000 0.438590 0.240281 0.240281 0.240281
5299.561035 0.000000 82.746277 0.000000 0.999929 0.000000 0.011954 0.307726 0.307726 0.307726
5353.260742 0.000000 100.706558 0.000000 0.791801 0.000000 0.610779 0.194915 0.194915 0.194915
5349.098633 0.000000 99.355377 0.000000 0.886261 0.000000 0.463186 0.237756 0.237756 0.237756
5274.074219 0.000000 143.485184 0.000000 0.994618 0.000000 0.103606 0.199171 0.199171 0.199171
5293.943359 0.000000 115.323677 0.000000 0.803796 0.000000 0.594905 0.239770 0.239770 0.239770
5303.531250 0.000000 123.572426 0.000000 0.972485 0.000000 0.232966 0.198063 0.198063 0.198063
5286.686523 0.000000 113.274536 0.000000 0.767725 0.000000 0.640779 0.216506 0.216506 0.216506
5290.673340 0.000000 113.112671 0.000000 0.797873 0.000000 0.602826 0.211271 0.211271 0.211271
5277.020508 0.000000 125.799126 0.000000 0.958407 0.000000 0.285406 0.283002 0.283002 0.283002
5296.918945 0.000000 127.954918 0.000000 0.913817 0.000000 0.406126 0.234815 0.234815 0.234815
5289.967773 0.000000 142.786682 0.000000 0.998681 0.000000 0.051345 0.234479 0.234479 0.234479
5273.661133 0.000000 116.034966 0.000000 0.996405 0.000000 0.084713 0.204163 0.204163 0.204163
5286.581055 0.000000 148.093185 0.000000 0.969078 0.000000 0.246756 0.208898 0.208898 0.208898
5276.947754 0.000000 143.040588 0.000000 0.922438 0.000000 0.386145 0.215540 0.215540 0.215540
5292.127930 0.000000 140.410049 0.000000 0.999999 0.000000 0.001718 0.249828 0.249828 0.249828
5281.491699 0.000000 118.864014 0.000000 0.836705 0.000000 0.547654 0.289780 0.289780 0.289780
5281.412109 0.000000 127.925865 0.000000 0.911881 0.000000 0.410454 0.245949 0.245949 0.245949
5278.816895 0.000000 127.406555 0.000000 0.998218 0.000000 0.059673 0.242095 0.242095 0.242095
5279.330566 0.000000 145.389832 0.000000 0.916383 0.000000 0.400303 0.240045 0.240045 0.240045
5295.645996 0.000000 120.666740 0.000000 0.814051 0.000000 0.580794 0.310392 0.310392 0.310392
5274.165527 0.000000 121.226517 0.000000 0.966099 0.000000 0.258173 0.258651 0.258651 0.258651
5293.143066 0.000000 113.271065 0.000000 0.999524 0.000000 0.030840 0.351494 0.351494 0.351494
5278.652344 0.000000 125.054108 0.000000 0.893992 0.000000 0.448083 0.280920 0.280920 0.280920
5278.021484 0.000000 121.235664 0.000000 0.999986 0.000000 0.005298 0.297878 0.297878 0.297878
5275.877441 0.000000 124.459625 0.000000 0.986659 0.000000 0.162800 0.278030 0.278030 0.278030
5293.674805 0.000000 125.972153 0.000000 0.993107 0.000000 0.117209 0.383954 0.383954 0.383954
5295.029785 0.000000 127.212250 0.000000 0.935523 0.000000 0.353267 0.329078 0.329078 0.329078
5280.131348 0.000000 118.088150 0.000000 0.821411 0.000000 0.570337 0.288861 0.288861 0.288861
5285.106445 0.000000 125.566734 0.000000 0.978025 0.000000 0.208486 0.374241 0.374241 0.374241
5294.908691 0.000000 124.278198 0.000000 0.999908 0.000000 0.013545 0.377956 0.377956 0.377956
5292.311035 0.000000 126.557983 0.000000 0.766463 0.000000 0.642288 0.321078 0.321078 0.321078
5293.442383 0.000000 124.731606 0.000000 0.956056 0.000000 0.293184 0.373099 0.373099 0.373099
5289.849121 0.000000 123.640900 0.000000 0.959888 0.000000 0.280383 0.381624 0.381624 0.381624
5332.968750 0.000000 165.093842 0.000000 0.996441 0.000000 0.084292 0.199452 0.199452 0.199452
5302.816895 0.000000 170.703903 0.000000 0.886692 0.000000 0.462361 0.196460 0.196460 0.196460
5314.396484 0.000000 171.315277 0.000000 0.793869 0.000000 0.608088 0.194288 0.194288 0.194288
5434.368164 0.000000 108.410324 0.000000 0.769651 0.000000 0.638465 0.194208 0.194208 0.194208
5442.269043 0.000000 109.918228 0.000000 0.999993 0.000000 0.003616 0.267704 0.267704 0.267704
5441.626465 0.000000 111.401726 0.000000 0.851582 0.000000 0.524221 0.313213 0.313213 0.313213
5439.976562 0.000000 163.584152 0.000000 0.969034 0.000000 0.246927 0.219601 0.219601 0.219601
5466.979980 0.000000 154.801559 0.000000 0.838290 0.000000 0.545225 0.194961 0.194961 0.194961
5442.396484 0.000000 114.830894 0.000000 0.911337 0.000000 0.411661 0.222398 0.222398 0.222398
5444.032715 0.000000 144.580353 0.000000 0.997591 0.000000 0.069367 0.199341 0.199341 0.199341
5481.260742 0.000000 157.190933 0.000000 0.895291 0.000000 0.445481 0.196542 0.196542 0.196542
5458.817383 0.000000 143.412643 0.000000 0.834497 0.000000 0.551012 0.195119 0.195119 0.195119
5451.406250 0.000000 146.039551 0.000000 0.980086 0.000000 0.198573 0.321521 0.321521 0.321521
5452.457520 0.000000 164.744675 0.000000 0.997787 0.000000 0.066489 0.282797 0.282797 0.282797
5446.507812 0.000000 165.059891 0.000000 0.765475 0.000000 0.643466 0.292047 0.292047 0.292047
5450.072266 0.000000 169.140778 0.000000 0.999572 0.000000 0.029270 0.316038 0.316038 0.316038
5452.375000 0.000000 167.636581 0.000000 0.832263 0.000000 0.554381 0.264908 0.264908 0.264908
5442.311035 0.000000 149.579834 0.000000 0.965431 0.000000 0.260659 0.221540 0.221540 0.221540
5471.328613 0.000000 163.290649 0.000000 0.976701 0.000000 0.214604 0.281930 0.281930 0.281930
5459.576660 0.000000 148.420364 0.000000 0.993177 0.000000 0.116621 0.238910 0.238910 0.238910
5467.673340 0.000000 165.742081 0.000000 0.994682 0.000000 0.102991 0.255579 0.255579 0.255579
5457.033691 0.000000 152.929611 0.000000 0.928114 0.000000 0.372295 0.270241 0.270241 0.270241
5456.905273 0.000000 166.868179 0.000000 0.785684 0.000000 0.618628 0.286843 0.286843 0.286843
5447.440918 0.000000 163.375885 0.000000 0.999764 0.000000 0.021711 0.297377 0.297377 0.297377
5451.557617 0.000000 152.916519 0.000000 0.999963 0.000000 0.008655 0.297775 0.297775 0.297775
5453.021484 0.000000 145.597778 0.000000 0.960570 0.000000 0.278038 0.299781 0.299781 0.299781
5450.331055 0.000000 158.305054 0.000000 0.952604 0.000000 0.304212 0.338438 0.338438 0.338438
5451.735352 0.000000 157.022049 0.000000 0.956841 0.000000 0.290612 0.342139 0.342139 0.342139
5457.775879 0.000000 160.541977 0.000000 0.760196 0.000000 0.649694 0.322333 0.322333 0.322333
5460.063965 0.000000 153.843018 0.000000 0.998981 0.000000 0.045125 0.362961 0.362961 0.362961
5420.662598 0.000000 220.033325 0.000000 0.913891 0.000000 0.405959 0.196973 0.196973 0.196973
5430.816895 0.000000 170.703903 0.000000 0.886271 0.000000 0.463166 0.196453 0.196453 0.196453
5420.412598 0.000000 211.726837 0.000000 0.977681 0.000000 0.210093 0.198071 0.198071 0.198071
5435.100586 0.000000 179.545853 0.000000 0.982718 0.000000 0.185109 0.232341 0.232341 0.232341
5434.462402 0.000000 186.523178 0.000000 0.985706 0.000000 0.168475 0.286453 0.286453 0.286453
5431.819336 0.000000 188.284042 0.000000 0.960863 0.000000 0.277026 0.225547 0.225547 0.225547
5434.631836 0.000000 204.589554 0.000000 0.999400 0.000000 0.034645 0.221388 0.221388 0.221388
5432.346680 0.000000 191.654022 0.000000 0.728581 0.000000 0.684960 0.228077 0.228077 0.228077
5436.312988 0.000000 193.207993 0.000000 0.995927 0.000000 0.090165 0.360655 0.360655 0.360655
5439.116211 0.000000 189.202850 0.000000 0.966434 0.000000 0.256916 0.349956 0.349956 0.349956
5440.936035 0.000000 192.062668 0.000000 0.969694 0.000000 0.244324 0.301997 0.301997 0.301997
5457.664551 0.000000 176.109146 0.000000 0.796922 0.000000 0.604082 0.267082 0.267082 0.267082
5469.958984 0.000000 179.653442 0.000000 0.950206 0.000000 0.311622 0.214468 0.214468 0.214468
5440.090332 0.000000 172.748718 0.000000 0.725388 0.000000 0.688340 0.260468 0.260468 0.260468
5447.408691 0.000000 187.290634 0.000000 0.710949 0.000000 0.703244 0.299478 0.299478 0.299478
5446.363770 0.000000 178.965759 0.000000 0.868456 0.000000 0.495766 0.325813 0.325813 0.325813
5453.487793 0.000000 179.469803 0.000000 0.941775 0.000000 0.336244 0.315875 0.315875 0.315875
5444.602051 0.000000 172.058945 0.000000 0.708513 0.000000 0.705697 0.313685 0.313685 0.313685
5444.756836 0.000000 188.246323 0.000000 0.881703 0.000000 0.471804 0.290810 0.290810 0.290810
5440.712402 0.000000 187.674103 0.000000 0.746498 0.000000 0.665387 0.321333 0.321333 0.321333
5446.936035 0.000000 173.028946 0.000000 0.862050 0.000000 0.506824 0.325227 0.325227 0.325227
5450.618164 0.000000 182.997513 0.000000 0.817831 0.000000 0.575459 0.295123 0.295123 0.295123
5452.251465 0.000000 176.289215 0.000000 0.843909 0.000000 0.536487 0.309839 0.309839 0.309839
5455.854980 0.000000 175.982849 0.000000 0.990151 0.000000 0.140006 0.298065 0.298065 0.298065
5449.693359 0.000000 178.515869 0.000000 0.937657 0.000000 0.347562 0.318397 0.318397 0.318397
5440.371582 0.000000 174.537964 0.000000 1.000000 0.000000 0.000485 0.309227 0.309227 0.309227
5440.043457 0.000000 193.704193 0.000000 0.997044 0.000000 0.076828 0.307757 0.307757 0.307757
5440.016113 0.000000 178.105652 0.000000 0.984718 0.000000 0.174157 0.385718 0.385718 0.385718
5448.131348 0.000000 178.840881 0.000000 0.783114 0.000000 0.621878 0.305592 0.305592 0.305592
5442.970703 0.000000 178.900772 0.000000 0.923436 0.000000 0.383753 0.374828 0.374828 0.374828
5444.846680 0.000000 184.360428 0.000000 0.995991 0.000000 0.089449 0.388886 0.388886 0.388886
5449.676758 0.000000 184.129639 0.000000 0.736199 0.000000 0.676766 0.320596 0.320596 0.320596
5445.850586 0.000000 187.231537 0.000000 0.784490 0.000000 0.620142 0.343099 0.343099 0.343099
5449.352539 0.000000 171.062744 0.000000 0.906112 0.000000 0.423038 0.347715 0.347715 0.347715
5441.945801 0.000000 185.756927 0.000000 0.767855 0.000000 0.640623 0.304613 0.304613 0.304613
5442.058594 0.000000 187.892487 0.000000 0.760626 0.000000 0.649190 0.347619 0.347619 0.347619
5511.437500 0.000000 224.496750 0.000000 0.721231 0.000000 0.692695 0.205879 0.205879 0.205879
5418.835938 0.000000 231.943787 0.000000 0.955696 0.000000 0.294354 0.245270 0.245270 0.245270
5424.746582 0.000000 229.175156 0.000000 0.935017 0.000000 0.354602 0.268693 0.268693 0.268693
5420.352051 0.000000 243.198593 0.000000 0.729979 0.000000 0.683470 0.229059 0.229059 0.229059
5423.447754 0.000000 238.623199 0.000000 0.929853 0.000000 0.367930 0.260181 0.260181 0.260181
5423.339355 0.000000 226.183502 0.000000 0.839636 0.000000 0.543149 0.218220 0.218220 0.218220
5419.095215 0.000000 240.256149 0.000000 0.943993 0.000000 0.329965 0.304030 0.304030 0.304030
5423.135742 0.000000 241.993607 0.000000 0.907158 0.000000 0.420789 0.250784 0.250784 0.250784
5421.585449 0.000000 236.370605 0.000000 0.986128 0.000000 0.165986 0.316442 0.316442 0.316442
5426.317871 0.000000 230.390610 0.000000 0.902626 0.000000 0.430427 0.260606 0.260606 0.260606
5491.456055 0.000000 276.225769 0.000000 0.891132 0.000000 0.453745 0.220698 0.220698 0.220698
5496.315430 0.000000 262.946472 0.000000 0.744914 0.000000 0.667160 0.215046 0.215046 0.215046
5487.868652 0.000000 274.348450 0.000000 0.839357 0.000000 0.543581 0.214210 0.214210 0.214210
5495.060547 0.000000 267.537231 0.000000 0.979905 0.000000 0.199465 0.217021 0.217021 0.217021
5488.918945 0.000000 240.923676 0.000000 0.917006 0.000000 0.398874 0.198698 0.198698 0.198698
5500.832520 0.000000 258.259247 0.000000 0.726095 0.000000 0.687595 0.202072 0.202072 0.202072
5498.462402 0.000000 243.007553 0.000000 0.894715 0.000000 0.446637 0.202311 0.202311 0.202311
5491.016113 0.000000 246.788635 0.000000 0.851065 0.000000 0.525061 0.226527 0.226527 0.226527
5498.631836 0.000000 261.073944 0.000000 0.956820 0.000000 0.290681 0.227450 0.227450 0.227450
5493.566895 0.000000 238.399719 0.000000 0.863890 0.000000 0.503680 0.212807 0.212807 0.212807
5493.633789 0.000000 262.994720 0.000000 0.740069 0.000000 0.672531 0.233108 0.233108 0.233108
5503.509766 0.000000 263.156036 0.000000 0.999250 0.000000 0.038720 0.304618 0.304618 0.304618
5494.180664 0.000000 249.787689 0.000000 0.856036 0.000000 0.516917 0.255348 0.255348 0.255348
5503.273438 0.000000 237.328552 0.000000 0.962653 0.000000 0.270737 0.238353 0.238353 0.238353
5495.405273 0.000000 260.790588 0.000000 0.977883 0.000000 0.209154 0.248023 0.248023 0.248023
5497.190430 0.000000 268.044312 0.000000 0.940232 0.000000 0.340536 0.268048 0.268048 0.268048
5490.395020 0.000000 255.954102 0.000000 0.778427 0.000000 0.627735 0.323704 0.323704 0.323704
5439.958008 0.000000 303.320862 0.000000 0.961722 0.000000 0.274026 0.198025 0.198025 0.198025
5418.009766 0.000000 337.358521 0.000000 0.848748 0.000000 0.528798 0.201300 0.201300 0.201300
5430.864258 0.000000 337.420502 0.000000 0.839511 0.000000 0.543342 0.194551 0.194551 0.194551
5424.647949 0.000000 322.897614 0.000000 0.985333 0.000000 0.170640 0.198480 0.198480 0.198480
5401.681152 0.000000 316.199341 0.000000 0.968455 0.000000 0.249190 0.200283 0.200283 0.200283
5436.832520 0.000000 314.743622 0.000000 0.985621 0.000000 0.168970 0.216334 0.216334 0.216334
5399.191895 0.000000 328.312500 0.000000 0.741400 0.000000 0.671064 0.202327 0.202327 0.202327
5435.000977 0.000000 320.222931 0.000000 0.833055 0.000000 0.553190 0.213056 0.213056 0.213056
5431.405273 0.000000 317.274963 0.000000 0.970119 0.000000 0.242628 0.235668 0.235668 0.235668
5434.561523 0.000000 314.181152 0.000000 0.802559 0.000000 0.596573 0.245503 0.245503 0.245503
5477.432617 0.000000 293.448914 0.000000 0.973861 0.000000 0.227144 0.206977 0.206977 0.206977
5440.254883 0.000000 329.562744 0.000000 0.993002 0.000000 0.118100 0.199025 0.199025 0.199025
5475.765137 0.000000 308.269135 0.000000 0.983736 0.000000 0.179623 0.198602 0.198602 0.198602
5457.256836 0.000000 317.136749 0.000000 0.854525 0.000000 0.519410 0.194887 0.194887 0.194887
5480.763184 0.000000 297.544067 0.000000 0.707243 0.000000 0.706970 0.193041 0.193041 0.193041
5458.817383 0.000000 312.865784 0.000000 0.742888 0.000000 0.669415 0.204310 0.204310 0.204310
5467.635742 0.000000 305.472229 0.000000 0.993317 0.000000 0.115418 0.215923 0.215923 0.215923
5463.105957 0.000000 303.658569 0.000000 0.758449 0.000000 0.651732 0.227878 0.227878 0.227878
5514.351562 0.000000 246.816467 0.000000 0.942493 0.000000 0.334227 0.224660 0.224660 0.224660
5513.866211 0.000000 265.009827 0.000000 0.978335 0.000000 0.207029 0.216921 0.216921 0.216921
5508.948730 0.000000 226.052567 0.000000 0.999986 0.000000 0.005233 0.213943 0.213943 0.213943
5506.356934 0.000000 230.835693 0.000000 0.843364 0.000000 0.537342 0.234226 0.234226 0.234226
5514.072266 0.000000 282.109528 0.000000 0.798083 0.000000 0.602548 0.205324 0.205324 0.205324
5507.820801 0.000000 239.742874 0.000000 0.913147 0.000000 0.407630 0.260192 0.260192 0.260192
5524.832520 0.000000 238.517136 0.000000 0.851731 0.000000 0.523980 0.216530 0.216530 0.216530
5512.614258 0.000000 239.466354 0.000000 0.973402 0.000000 0.229103 0.320287 0.320287 0.320287
5511.408691 0.000000 243.775009 0.000000 0.882784 0.000000 0.469779 0.258572 0.258572 0.258572
5510.475098 0.000000 240.528137 0.000000 0.870590 0.000000 0.492010 0.311940 0.311940 0.311940
5527.348633 0.000000 278.935974 0.000000 0.954929 0.000000 0.296835 0.237878 0.237878 0.237878
5510.028809 0.000000 248.867111 0.000000 0.998938 0.000000 0.046077 0.245662 0.245662 0.245662
5513.322266 0.000000 244.905136 0.000000 0.944622 0.000000 0.328160 0.242511 0.242511 0.242511
5527.416992 0.000000 273.870270 0.000000 0.931971 0.000000 0.362533 0.271530 0.271530 0.271530
5508.789062 0.000000 259.794464 0.000000 0.866069 0.000000 0.499924 0.304970 0.304970 0.304970
5515.084961 0.000000 236.316162 0.000000 0.973901 0.000000 0.226971 0.305745 0.305745 0.305745
5511.699707 0.000000 241.792389 0.000000 0.981948 0.000000 0.189152 0.325066 0.325066 0.325066
5514.416504 0.000000 257.621643 0.000000 0.866315 0.000000 0.499499 0.298352 0.298352 0.298352
5511.546875 0.000000 257.242340 0.000000 0.747732 0.000000 0.664000 0.312019 0.312019 0.312019
5511.434570 0.000000 236.681076 0.000000 0.885011 0.000000 0.465570 0.351697 0.351697 0.351697
5512.993164 0.000000 229.064224 0.000000 0.865105 0.000000 0.501590 0.291598 0.291598 0.291598
5514.256348 0.000000 230.168228 0.000000 0.921276 0.000000 0.388909 0.337115 0.337115 0.337115
5513.880371 0.000000 259.456085 0.000000 0.761435 0.000000 0.648241 0.331793 0.331793 0.331793
5512.131348 0.000000 235.325256 0.000000 0.731882 0.000000 0.681431 0.344223 0.344223 0.344223
5509.431641 0.000000 236.714157 0.000000 0.980582 0.000000 0.196108 0.321620 0.321620 0.321620
5507.452637 0.000000 265.910034 0.000000 0.942414 0.000000 0.334449 0.377353 0.377353 0.377353
5509.597656 0.000000 239.405106 0.000000 0.826431 0.000000 0.563039 0.314024 0.314024 0.314024
5504.126465 0.000000 271.620422 0.000000 0.892007 0.000000 0.452021 0.369321 0.369321 0.369321
5505.950684 0.000000 265.911957 0.000000 0.999647 0.000000 0.026562 0.394981 0.394981 0.394981
5510.330566 0.000000 294.518677 0.000000 0.992936 0.000000 0.118650 0.198976 0.198976 0.198976
5521.260254 0.000000 308.879028 0.000000 0.999685 0.000000 0.025080 0.199762 0.199762 0.199762
5545.676758 0.000000 300.488861 0.000000 0.811463 0.000000 0.584404 0.214544 0.214544 0.214544
5540.029297 0.000000 300.974670 0.000000 0.989983 0.000000 0.141186 0.233047 0.233047 0.233047
5518.686523 0.000000 297.013336 0.000000 0.880752 0.000000 0.473578 0.244552 0.244552 0.244552
5537.641602 0.000000 300.500458 0.000000 0.892950 0.000000 0.450156 0.234989 0.234989 0.234989
5377.451172 0.000000 351.081879 0.000000 0.995543 0.000000 0.094305 0.199375 0.199375 0.199375
5438.419434 0.000000 381.053558 0.000000 0.829763 0.000000 0.558116 0.194678 0.194678 0.194678
5418.673340 0.000000 339.050171 0.000000 0.978620 0.000000 0.205675 0.214781 0.214781 0.214781
5411.104004 0.000000 347.448364 0.000000 0.983778 0.000000 0.179388 0.200998 0.200998 0.200998
5461.705078 0.000000 365.773956 0.000000 0.933485 0.000000 0.358616 0.197436 0.197436 0.197436
5496.550781 0.000000 371.765411 0.000000 0.818051 0.000000 0.575146 0.195334 0.195334 0.195334
5501.658691 0.000000 374.221985 0.000000 0.845056 0.000000 0.534678 0.212340 0.212340 0.212340
5466.709961 0.000000 375.946198 0.000000 0.996300 0.000000 0.085941 0.228421 0.228421 0.228421
5469.237305 0.000000 372.428467 0.000000 0.921473 0.000000 0.388442 0.210305 0.210305 0.210305
5496.315430 0.000000 375.915222 0.000000 0.913981 0.000000 0.405757 0.196193 0.196193 0.196193
5448.908691 0.000000 384.806274 0.000000 0.784650 0.000000 0.619939 0.194074 0.194074 0.194074
5475.666992 0.000000 375.392487 0.000000 0.902632 0.000000 0.430412 0.278534 0.278534 0.278534
5446.507812 0.000000 390.997375 0.000000 0.990805 0.000000 0.135296 0.226597 0.226597 0.226597
5449.278320 0.000000 388.989838 0.000000 0.987899 0.000000 0.155097 0.223043 0.223043 0.223043
5450.072266 0.000000 395.078278 0.000000 0.882449 0.000000 0.470408 0.210231 0.210231 0.210231
5479.591309 0.000000 380.742310 0.000000 0.992354 0.000000 0.123425 0.246434 0.246434 0.246434
5486.693848 0.000000 370.964905 0.000000 0.835085 0.000000 0.550120 0.219099 0.219099 0.219099
5463.935547 0.000000 375.961365 0.000000 0.964381 0.000000 0.264518 0.228926 0.228926 0.228926
5476.952637 0.000000 379.383179 0.000000 0.804853 0.000000 0.593475 0.241734 0.241734 0.241734
5473.433594 0.000000 374.709839 0.000000 0.912662 0.000000 0.408714 0.275227 0.275227 0.275227
5455.671387 0.000000 396.919708 0.000000 0.851925 0.000000 0.523664 0.210488 0.210488 0.210488
5513.203613 0.000000 374.607025 0.000000 0.866577 0.000000 0.499044 0.196087 0.196087 0.196087
5521.256836 0.000000 373.621124 0.000000 0.904699 0.000000 0.426052 0.256704 0.256704 0.256704
5517.506836 0.000000 374.720734 0.000000 0.732485 0.000000 0.680783 0.192989 0.192989 0.192989
5523.991699 0.000000 372.133728 0.000000 0.796928 0.000000 0.604074 0.212240 0.212240 0.212240
5521.360840 0.000000 385.066620 0.000000 0.732289 0.000000 0.680994 0.202174 0.202174 0.202174
5518.604980 0.000000 386.483215 0.000000 0.929830 0.000000 0.367990 0.228280 0.228280 0.228280
5508.948730 0.000000 395.505676 0.000000 0.973785 0.000000 0.227472 0.208050 0.208050 0.208050
5514.564941 0.000000 397.939545 0.000000 0.878361 0.000000 0.477997 0.275048 0.275048 0.275048
5519.671387 0.000000 396.919708 0.000000 0.985342 0.000000 0.170588 0.217399 0.217399 0.217399
5527.408203 0.000000 407.228821 0.000000 0.998608 0.000000 0.052751 0.224476 0.224476 0.224476
5523.894531 0.000000 403.162384 0.000000 0.964861 0.000000 0.262762 0.294087 0.294087 0.294087
5537.365723 0.000000 405.565460 0.000000 0.728477 0.000000 0.685071 0.246810 0.246810 0.246810
"}
object={
	name="baobab_generator_2_2"
	clamp_to_water_level=no
	render_under_water=no
	generated_content=yes
	layer="semidynamic_medium"
	pdxmesh="tree_baobab_03_mesh"
	count=239
	transform="3681.910400 0.000000 211.776001 0.000000 0.863312 0.000000 -0.504670 0.228881 0.228881 0.228881
3667.991699 0.000000 259.164978 0.000000 0.974375 0.000000 -0.224931 0.220199 0.220199 0.220199
3672.795410 0.000000 253.849701 0.000000 0.888517 0.000000 -0.458844 0.256386 0.256386 0.256386
3702.302490 0.000000 240.224976 0.000000 0.787929 0.000000 -0.615766 0.281682 0.281682 0.281682
3721.400879 0.000000 242.056625 0.000000 0.903398 0.000000 -0.428802 0.203098 0.203098 0.203098
5332.569336 0.000000 5.386457 0.000000 0.794126 0.000000 -0.607754 0.204729 0.204729 0.204729
5360.541992 0.000000 22.585266 0.000000 0.933839 0.000000 -0.357695 0.202557 0.202557 0.202557
5364.365234 0.000000 39.266247 0.000000 0.999729 0.000000 -0.023288 0.200221 0.200221 0.200221
5296.205566 0.000000 112.943123 0.000000 0.947608 0.000000 -0.319435 0.204873 0.204873 0.204873
5263.130859 0.000000 95.856155 0.000000 0.983972 0.000000 -0.178323 0.201186 0.201186 0.201186
5285.982422 0.000000 106.746185 0.000000 0.778961 0.000000 -0.627073 0.205415 0.205415 0.205415
5297.272949 0.000000 90.109314 0.000000 0.926117 0.000000 -0.377236 0.203139 0.203139 0.203139
5290.009766 0.000000 111.421028 0.000000 0.913087 0.000000 -0.407765 0.203775 0.203775 0.203775
5299.863281 0.000000 80.857101 0.000000 0.797811 0.000000 -0.602908 0.319097 0.319097 0.319097
5260.457520 0.000000 108.260300 0.000000 0.961368 0.000000 -0.275265 0.219672 0.219672 0.219672
5281.680176 0.000000 112.312134 0.000000 0.981513 0.000000 -0.191396 0.323985 0.323985 0.323985
5295.250488 0.000000 85.465263 0.000000 0.822306 0.000000 -0.569046 0.282928 0.282928 0.282928
5296.891113 0.000000 84.858459 0.000000 0.983357 0.000000 -0.181685 0.288354 0.288354 0.288354
5332.968750 0.000000 108.609474 0.000000 0.883616 0.000000 -0.468212 0.203163 0.203163 0.203163
5312.254883 0.000000 103.625259 0.000000 0.962225 0.000000 -0.272254 0.201996 0.201996 0.201996
5279.453613 0.000000 129.698883 0.000000 0.812317 0.000000 -0.583216 0.231375 0.231375 0.231375
5266.127930 0.000000 126.244804 0.000000 0.942794 0.000000 -0.333375 0.202291 0.202291 0.202291
5282.900879 0.000000 113.033478 0.000000 0.986024 0.000000 -0.166603 0.278611 0.278611 0.278611
5292.760254 0.000000 151.473892 0.000000 0.929425 0.000000 -0.369011 0.202878 0.202878 0.202878
5302.816895 0.000000 114.219528 0.000000 0.741787 0.000000 -0.670635 0.205597 0.205597 0.205597
5283.765137 0.000000 138.815994 0.000000 0.998148 0.000000 -0.060828 0.200577 0.200577 0.200577
5298.584961 0.000000 140.863007 0.000000 0.837774 0.000000 -0.546017 0.204903 0.204903 0.204903
5282.015137 0.000000 133.464279 0.000000 0.899044 0.000000 -0.437859 0.212150 0.212150 0.212150
5298.318359 0.000000 113.174644 0.000000 0.984496 0.000000 -0.175409 0.201519 0.201519 0.201519
5295.145508 0.000000 131.116592 0.000000 0.995697 0.000000 -0.092667 0.268767 0.268767 0.268767
5278.608887 0.000000 118.508408 0.000000 0.961503 0.000000 -0.274795 0.267006 0.267006 0.267006
5278.952637 0.000000 132.481064 0.000000 0.998697 0.000000 -0.051038 0.222527 0.222527 0.222527
5283.200195 0.000000 125.765717 0.000000 0.996983 0.000000 -0.077616 0.321016 0.321016 0.321016
5284.575195 0.000000 115.357742 0.000000 0.960380 0.000000 -0.278693 0.297025 0.297025 0.297025
5292.352051 0.000000 130.229843 0.000000 0.958246 0.000000 -0.285946 0.270839 0.270839 0.270839
5291.095215 0.000000 127.287399 0.000000 0.802243 0.000000 -0.596998 0.287598 0.287598 0.287598
5297.687988 0.000000 121.921326 0.000000 0.878715 0.000000 -0.477347 0.285447 0.285447 0.285447
5286.792969 0.000000 115.780739 0.000000 0.759302 0.000000 -0.650739 0.280096 0.280096 0.280096
5281.049316 0.000000 114.219048 0.000000 0.978542 0.000000 -0.206045 0.344755 0.344755 0.344755
5275.966309 0.000000 122.581848 0.000000 0.899714 0.000000 -0.436479 0.320628 0.320628 0.320628
5295.135742 0.000000 129.024857 0.000000 0.828129 0.000000 -0.560537 0.314893 0.314893 0.314893
5293.587891 0.000000 120.741013 0.000000 0.869235 0.000000 -0.494400 0.349826 0.349826 0.349826
5291.071777 0.000000 123.547241 0.000000 0.795106 0.000000 -0.606471 0.417826 0.417826 0.417826
5279.632324 0.000000 123.637566 0.000000 0.723928 0.000000 -0.689875 0.353956 0.353956 0.353956
5292.442383 0.000000 119.481537 0.000000 0.902777 0.000000 -0.430109 0.333013 0.333013 0.333013
5292.147461 0.000000 128.604126 0.000000 0.991868 0.000000 -0.127272 0.304250 0.304250 0.304250
5294.421387 0.000000 122.015862 0.000000 0.883573 0.000000 -0.468294 0.396702 0.396702 0.396702
5295.286621 0.000000 114.742142 0.000000 0.990281 0.000000 -0.139079 0.372391 0.372391 0.372391
5286.826172 0.000000 119.704819 0.000000 0.963528 0.000000 -0.267606 0.417517 0.417517 0.417517
5287.522949 0.000000 116.966919 0.000000 0.977354 0.000000 -0.211613 0.403890 0.403890 0.403890
5288.398438 0.000000 121.835205 0.000000 0.953870 0.000000 -0.300220 0.420478 0.420478 0.420478
5288.923828 0.000000 119.666847 0.000000 0.978221 0.000000 -0.207565 0.409682 0.409682 0.409682
5286.709473 0.000000 123.776443 0.000000 0.996218 0.000000 -0.086889 0.405864 0.405864 0.405864
5312.156738 0.000000 167.868942 0.000000 0.709917 0.000000 -0.704286 0.214407 0.214407 0.214407
5324.978516 0.000000 170.189102 0.000000 0.842042 0.000000 -0.539412 0.204765 0.204765 0.204765
5319.914551 0.000000 171.290054 0.000000 0.730199 0.000000 -0.683234 0.206666 0.206666 0.206666
5317.464844 0.000000 174.235062 0.000000 0.957555 0.000000 -0.288250 0.202628 0.202628 0.202628
5377.318848 0.000000 38.888397 0.000000 0.998481 0.000000 -0.055094 0.200358 0.200358 0.200358
5424.205566 0.000000 112.943123 0.000000 0.997279 0.000000 -0.073717 0.200543 0.200543 0.200543
5439.586426 0.000000 109.918945 0.000000 0.830514 0.000000 -0.556998 0.205162 0.205162 0.205162
5442.552734 0.000000 112.560608 0.000000 0.807015 0.000000 -0.590531 0.293867 0.293867 0.293867
5430.864258 0.000000 167.967377 0.000000 0.724784 0.000000 -0.688976 0.206736 0.206736 0.206736
5434.385254 0.000000 115.560806 0.000000 0.769155 0.000000 -0.639063 0.256518 0.256518 0.256518
5436.727539 0.000000 115.463234 0.000000 0.804417 0.000000 -0.594065 0.295274 0.295274 0.295274
5461.705078 0.000000 139.836456 0.000000 0.993676 0.000000 -0.112283 0.200730 0.200730 0.200730
5454.007324 0.000000 143.858978 0.000000 0.942729 0.000000 -0.333561 0.220423 0.220423 0.220423
5473.210449 0.000000 157.842072 0.000000 0.999702 0.000000 -0.024417 0.241311 0.241311 0.241311
5457.256836 0.000000 147.683624 0.000000 0.923640 0.000000 -0.383261 0.290289 0.290289 0.290289
5449.278320 0.000000 163.052338 0.000000 0.990834 0.000000 -0.135089 0.270890 0.270890 0.270890
5440.936035 0.000000 135.578293 0.000000 0.985552 0.000000 -0.169374 0.344384 0.344384 0.344384
5473.062500 0.000000 165.042664 0.000000 0.979528 0.000000 -0.201310 0.273602 0.273602 0.273602
5460.984863 0.000000 150.166763 0.000000 0.943507 0.000000 -0.331354 0.325497 0.325497 0.325497
5456.716797 0.000000 145.066589 0.000000 0.999735 0.000000 -0.023041 0.226656 0.226656 0.226656
5455.870117 0.000000 149.791626 0.000000 0.885419 0.000000 -0.464794 0.285102 0.285102 0.285102
5446.997070 0.000000 153.225693 0.000000 0.950119 0.000000 -0.311888 0.264233 0.264233 0.264233
5448.076660 0.000000 157.022156 0.000000 0.919788 0.000000 -0.392416 0.345330 0.345330 0.345330
5454.368652 0.000000 168.822235 0.000000 0.947641 0.000000 -0.319337 0.307955 0.307955 0.307955
5452.080078 0.000000 144.257568 0.000000 0.729456 0.000000 -0.684028 0.334541 0.334541 0.334541
5469.418457 0.000000 162.966263 0.000000 0.896372 0.000000 -0.443302 0.284518 0.284518 0.284518
5450.780273 0.000000 147.752594 0.000000 0.933479 0.000000 -0.358631 0.343891 0.343891 0.343891
5446.073242 0.000000 166.756226 0.000000 0.849917 0.000000 -0.526917 0.382960 0.382960 0.382960
5448.280273 0.000000 147.199707 0.000000 0.968521 0.000000 -0.248933 0.322494 0.322494 0.322494
5459.070801 0.000000 156.336578 0.000000 0.997271 0.000000 -0.073834 0.350671 0.350671 0.350671
5445.809082 0.000000 168.451950 0.000000 0.999053 0.000000 -0.043515 0.376588 0.376588 0.376588
5455.974609 0.000000 146.528641 0.000000 0.736661 0.000000 -0.676262 0.339611 0.339611 0.339611
5454.057129 0.000000 164.804626 0.000000 0.926442 0.000000 -0.376436 0.367264 0.367264 0.367264
5458.634277 0.000000 158.237427 0.000000 0.713894 0.000000 -0.700254 0.335296 0.335296 0.335296
5455.354980 0.000000 159.190826 0.000000 0.851300 0.000000 -0.524679 0.363020 0.363020 0.363020
5455.453125 0.000000 161.943924 0.000000 0.785301 0.000000 -0.619115 0.406257 0.406257 0.406257
5453.467285 0.000000 161.615555 0.000000 0.977295 0.000000 -0.211885 0.348589 0.348589 0.348589
5453.681641 0.000000 158.637695 0.000000 0.939792 0.000000 -0.341748 0.363066 0.363066 0.363066
5456.398438 0.000000 158.025208 0.000000 0.910675 0.000000 -0.413125 0.366543 0.366543 0.366543
5451.583008 0.000000 159.913544 0.000000 0.932688 0.000000 -0.360684 0.370255 0.370255 0.370255
5430.173828 0.000000 175.637360 0.000000 0.979245 0.000000 -0.202680 0.201732 0.201732 0.201732
5436.832520 0.000000 201.774872 0.000000 0.985723 0.000000 -0.168375 0.247250 0.247250 0.247250
5434.637207 0.000000 196.386841 0.000000 0.996588 0.000000 -0.082543 0.328081 0.328081 0.328081
5432.742188 0.000000 199.347000 0.000000 0.995969 0.000000 -0.089695 0.267556 0.267556 0.267556
5439.510742 0.000000 194.189819 0.000000 0.920430 0.000000 -0.390908 0.356601 0.356601 0.356601
5434.561523 0.000000 201.212387 0.000000 0.770892 0.000000 -0.636966 0.316452 0.316452 0.316452
5437.382324 0.000000 199.755447 0.000000 0.969089 0.000000 -0.246711 0.320014 0.320014 0.320014
5436.271484 0.000000 177.966446 0.000000 0.894170 0.000000 -0.447728 0.304653 0.304653 0.304653
5438.854492 0.000000 196.036530 0.000000 0.788794 0.000000 -0.614658 0.310333 0.310333 0.310333
5432.708984 0.000000 189.896622 0.000000 0.748089 0.000000 -0.663598 0.290971 0.290971 0.290971
5438.038574 0.000000 193.436371 0.000000 0.887894 0.000000 -0.460048 0.402755 0.402755 0.402755
5436.201172 0.000000 190.043671 0.000000 0.788832 0.000000 -0.614609 0.388096 0.388096 0.388096
5438.905762 0.000000 175.263474 0.000000 0.754295 0.000000 -0.656536 0.342742 0.342742 0.342742
5477.432617 0.000000 180.480179 0.000000 0.984086 0.000000 -0.177693 0.201249 0.201249 0.201249
5442.356934 0.000000 174.351318 0.000000 0.826417 0.000000 -0.563059 0.334571 0.334571 0.334571
5449.084961 0.000000 180.270996 0.000000 0.960890 0.000000 -0.276929 0.327138 0.327138 0.327138
5450.564941 0.000000 172.002045 0.000000 0.822108 0.000000 -0.569332 0.273993 0.273993 0.273993
5453.612305 0.000000 172.581741 0.000000 0.852085 0.000000 -0.523404 0.269044 0.269044 0.269044
5454.033691 0.000000 175.344101 0.000000 0.957756 0.000000 -0.287583 0.311774 0.311774 0.311774
5444.035156 0.000000 175.672852 0.000000 0.996264 0.000000 -0.086363 0.328227 0.328227 0.328227
5443.095703 0.000000 184.903244 0.000000 0.999894 0.000000 -0.014560 0.381776 0.381776 0.381776
5442.681152 0.000000 191.671692 0.000000 0.940851 0.000000 -0.338821 0.306136 0.306136 0.306136
5454.749512 0.000000 169.484207 0.000000 0.730958 0.000000 -0.682422 0.320952 0.320952 0.320952
5453.188965 0.000000 177.707794 0.000000 0.845272 0.000000 -0.534337 0.355604 0.355604 0.355604
5457.288086 0.000000 174.534393 0.000000 0.949051 0.000000 -0.315123 0.304171 0.304171 0.304171
5440.233887 0.000000 182.896362 0.000000 0.805354 0.000000 -0.592794 0.378653 0.378653 0.378653
5444.635742 0.000000 181.856018 0.000000 0.992294 0.000000 -0.123904 0.380961 0.380961 0.380961
5443.498047 0.000000 170.210663 0.000000 0.775132 0.000000 -0.631800 0.328208 0.328208 0.328208
5443.916016 0.000000 174.066147 0.000000 0.957090 0.000000 -0.289792 0.323973 0.323973 0.323973
5448.364746 0.000000 169.909943 0.000000 0.947648 0.000000 -0.319317 0.396841 0.396841 0.396841
5447.015137 0.000000 177.675201 0.000000 0.971768 0.000000 -0.235940 0.364117 0.364117 0.364117
5444.220703 0.000000 186.807816 0.000000 0.995326 0.000000 -0.096576 0.386426 0.386426 0.386426
5514.072266 0.000000 225.625153 0.000000 0.905086 0.000000 -0.425229 0.237393 0.237393 0.237393
5423.882812 0.000000 230.961166 0.000000 0.826139 0.000000 -0.563466 0.326730 0.326730 0.326730
5421.674805 0.000000 238.940903 0.000000 0.945791 0.000000 -0.324775 0.369704 0.369704 0.369704
5418.439941 0.000000 238.161331 0.000000 0.764620 0.000000 -0.644481 0.343522 0.343522 0.343522
5420.147461 0.000000 241.572876 0.000000 0.920146 0.000000 -0.391575 0.355370 0.355370 0.355370
5422.421387 0.000000 234.984604 0.000000 0.992731 0.000000 -0.120352 0.333013 0.333013 0.333013
5420.311035 0.000000 239.526733 0.000000 0.987318 0.000000 -0.158752 0.361601 0.361601 0.361601
5476.276367 0.000000 259.184265 0.000000 0.896959 0.000000 -0.442114 0.203659 0.203659 0.203659
5482.009766 0.000000 280.874146 0.000000 0.944227 0.000000 -0.329294 0.202639 0.202639 0.202639
5491.634277 0.000000 268.665375 0.000000 0.915861 0.000000 -0.401495 0.220119 0.220119 0.220119
5490.798340 0.000000 262.618683 0.000000 0.818436 0.000000 -0.574598 0.247517 0.247517 0.247517
5499.000977 0.000000 263.738556 0.000000 0.941782 0.000000 -0.336224 0.255128 0.255128 0.255128
5485.942871 0.000000 247.878387 0.000000 0.899167 0.000000 -0.437605 0.229083 0.229083 0.229083
5496.742188 0.000000 255.831375 0.000000 0.711092 0.000000 -0.703099 0.263266 0.263266 0.263266
5486.782227 0.000000 268.001648 0.000000 0.718529 0.000000 -0.695497 0.247493 0.247493 0.247493
5489.314941 0.000000 268.635742 0.000000 0.999865 0.000000 -0.016446 0.241176 0.241176 0.241176
5500.034180 0.000000 273.760742 0.000000 0.881757 0.000000 -0.471703 0.318103 0.318103 0.318103
5491.318359 0.000000 259.578949 0.000000 0.915911 0.000000 -0.401382 0.273560 0.273560 0.273560
5491.561035 0.000000 252.199402 0.000000 0.962734 0.000000 -0.270451 0.291988 0.291988 0.291988
5500.771484 0.000000 263.021606 0.000000 0.997684 0.000000 -0.068025 0.286432 0.286432 0.286432
5495.822754 0.000000 257.230652 0.000000 0.831759 0.000000 -0.555137 0.329009 0.329009 0.329009
5501.976074 0.000000 266.623322 0.000000 0.851451 0.000000 -0.524433 0.436109 0.436109 0.436109
5502.147949 0.000000 270.892212 0.000000 0.754403 0.000000 -0.656412 0.449161 0.449161 0.449161
5499.628418 0.000000 269.613037 0.000000 0.885667 0.000000 -0.464321 0.396464 0.396464 0.396464
5502.710938 0.000000 264.163940 0.000000 0.878368 0.000000 -0.477985 0.421079 0.421079 0.421079
5397.705078 0.000000 309.289581 0.000000 0.978084 0.000000 -0.208211 0.201361 0.201361 0.201361
5380.032715 0.000000 314.033478 0.000000 0.771413 0.000000 -0.636334 0.204908 0.204908 0.204908
5437.248047 0.000000 328.423920 0.000000 0.985033 0.000000 -0.172365 0.201449 0.201449 0.201449
5438.419434 0.000000 324.569183 0.000000 0.868939 0.000000 -0.494919 0.204524 0.204524 0.204524
5409.099609 0.000000 316.371552 0.000000 0.999736 0.000000 -0.022968 0.242412 0.242412 0.242412
5407.330566 0.000000 314.842957 0.000000 0.876837 0.000000 -0.480788 0.244481 0.244481 0.244481
5407.005371 0.000000 317.326599 0.000000 0.998852 0.000000 -0.047899 0.267751 0.267751 0.267751
5489.519043 0.000000 288.751495 0.000000 0.715589 0.000000 -0.698522 0.205502 0.205502 0.205502
5449.203613 0.000000 318.122650 0.000000 0.964980 0.000000 -0.262325 0.202518 0.202518 0.202518
5485.943359 0.000000 284.776794 0.000000 0.972033 0.000000 -0.234843 0.201983 0.201983 0.201983
5469.530273 0.000000 309.714233 0.000000 0.987587 0.000000 -0.157075 0.203229 0.203229 0.203229
5481.676758 0.000000 300.488861 0.000000 0.987763 0.000000 -0.155961 0.211265 0.211265 0.211265
5465.283691 0.000000 304.039612 0.000000 0.998411 0.000000 -0.056350 0.229392 0.229392 0.229392
5526.478027 0.000000 260.830780 0.000000 0.906214 0.000000 -0.422820 0.203161 0.203161 0.203161
5507.510742 0.000000 272.865479 0.000000 0.870528 0.000000 -0.492118 0.239753 0.239753 0.239753
5505.451660 0.000000 235.329956 0.000000 0.994767 0.000000 -0.102169 0.262103 0.262103 0.262103
5525.235840 0.000000 245.798584 0.000000 0.997962 0.000000 -0.063814 0.238576 0.238576 0.238576
5506.822754 0.000000 259.905609 0.000000 0.955165 0.000000 -0.296075 0.280672 0.280672 0.280672
5513.795410 0.000000 225.961868 0.000000 0.929466 0.000000 -0.368909 0.243697 0.243697 0.243697
5526.077637 0.000000 243.112152 0.000000 0.918076 0.000000 -0.396404 0.288192 0.288192 0.288192
5528.535645 0.000000 242.292526 0.000000 0.960841 0.000000 -0.277100 0.263484 0.263484 0.263484
5512.309570 0.000000 254.730774 0.000000 0.991019 0.000000 -0.133720 0.321891 0.321891 0.321891
5511.620605 0.000000 232.166718 0.000000 0.999736 0.000000 -0.022998 0.375476 0.375476 0.375476
5507.329590 0.000000 261.365814 0.000000 0.760854 0.000000 -0.648924 0.379181 0.379181 0.379181
5511.015137 0.000000 234.159576 0.000000 0.915902 0.000000 -0.401401 0.399181 0.399181 0.399181
5509.854492 0.000000 260.690674 0.000000 0.923667 0.000000 -0.383197 0.403206 0.403206 0.403206
5507.621094 0.000000 263.025482 0.000000 0.798441 0.000000 -0.602072 0.432766 0.432766 0.432766
5511.662109 0.000000 262.662750 0.000000 0.864018 0.000000 -0.503460 0.385601 0.385601 0.385601
5542.230957 0.000000 320.950928 0.000000 0.881791 0.000000 -0.471641 0.210133 0.210133 0.210133
5535.758301 0.000000 312.581512 0.000000 0.986750 0.000000 -0.162249 0.206731 0.206731 0.206731
5519.272949 0.000000 304.340424 0.000000 0.990316 0.000000 -0.138833 0.201148 0.201148 0.201148
5545.260742 0.000000 326.644073 0.000000 0.937238 0.000000 -0.348690 0.203246 0.203246 0.203246
5540.276367 0.000000 315.668640 0.000000 0.815013 0.000000 -0.579442 0.205863 0.205863 0.205863
5546.009766 0.000000 337.358521 0.000000 0.765534 0.000000 -0.643395 0.205758 0.205758 0.205758
5545.204590 0.000000 318.983215 0.000000 0.829483 0.000000 -0.558531 0.283911 0.283911 0.283911
5537.448730 0.000000 305.718689 0.000000 0.981915 0.000000 -0.189322 0.212798 0.212798 0.212798
5528.795410 0.000000 310.334076 0.000000 0.998062 0.000000 -0.062234 0.213613 0.213613 0.213613
5534.952637 0.000000 301.934204 0.000000 0.975127 0.000000 -0.221646 0.247038 0.247038 0.247038
5524.832520 0.000000 295.001526 0.000000 0.909775 0.000000 -0.415102 0.228747 0.228747 0.228747
5527.408203 0.000000 294.260071 0.000000 0.994641 0.000000 -0.103385 0.218660 0.218660 0.218660
5542.385742 0.000000 299.266907 0.000000 0.962064 0.000000 -0.272825 0.231413 0.231413 0.231413
5550.693848 0.000000 314.480530 0.000000 0.720410 0.000000 -0.693548 0.239724 0.239724 0.239724
5532.928223 0.000000 300.301971 0.000000 0.960619 0.000000 -0.277868 0.239760 0.239760 0.239760
5531.678223 0.000000 287.436035 0.000000 0.991621 0.000000 -0.129179 0.243097 0.243097 0.243097
5547.659668 0.000000 318.601501 0.000000 0.817813 0.000000 -0.575484 0.325901 0.325901 0.325901
5528.077637 0.000000 291.818329 0.000000 0.973091 0.000000 -0.230421 0.279023 0.279023 0.279023
5549.814941 0.000000 318.967957 0.000000 0.758773 0.000000 -0.651355 0.338450 0.338450 0.338450
5551.436035 0.000000 317.143219 0.000000 0.985298 0.000000 -0.170845 0.269388 0.269388 0.269388
5547.060059 0.000000 316.555481 0.000000 0.842510 0.000000 -0.538680 0.287173 0.287173 0.287173
5544.284180 0.000000 320.888397 0.000000 0.983137 0.000000 -0.182869 0.261489 0.261489 0.261489
5430.816895 0.000000 340.157043 0.000000 0.806013 0.000000 -0.591898 0.204665 0.204665 0.204665
5420.062988 0.000000 347.895386 0.000000 0.950183 0.000000 -0.311693 0.210687 0.210687 0.210687
5376.098633 0.000000 345.855225 0.000000 0.988314 0.000000 -0.152434 0.201165 0.201165 0.201165
5416.015625 0.000000 346.534851 0.000000 0.973009 0.000000 -0.230766 0.212112 0.212112 0.212112
5441.318848 0.000000 377.794647 0.000000 0.830052 0.000000 -0.557686 0.204652 0.204652 0.204652
5481.563477 0.000000 365.397247 0.000000 0.858939 0.000000 -0.512078 0.203758 0.203758 0.203758
5454.007324 0.000000 369.796478 0.000000 0.790652 0.000000 -0.612266 0.205264 0.205264 0.205264
5449.203613 0.000000 374.607025 0.000000 0.957672 0.000000 -0.287860 0.202260 0.202260 0.202260
5476.276367 0.000000 372.153015 0.000000 0.900192 0.000000 -0.435492 0.237563 0.237563 0.237563
5461.208496 0.000000 378.785492 0.000000 0.906204 0.000000 -0.422840 0.241001 0.241001 0.241001
5444.763672 0.000000 375.098450 0.000000 0.972070 0.000000 -0.234692 0.202070 0.202070 0.202070
5465.681152 0.000000 372.683716 0.000000 0.906266 0.000000 -0.422708 0.239782 0.239782 0.239782
5478.581055 0.000000 374.030701 0.000000 0.971547 0.000000 -0.236846 0.211016 0.211016 0.211016
5447.437500 0.000000 393.949890 0.000000 0.956523 0.000000 -0.291657 0.218702 0.218702 0.218702
5473.062500 0.000000 390.980164 0.000000 0.945344 0.000000 -0.326075 0.221513 0.221513 0.221513
5460.984863 0.000000 376.104279 0.000000 0.998348 0.000000 -0.057462 0.243007 0.243007 0.243007
5501.125000 0.000000 391.385498 0.000000 0.844510 0.000000 -0.535540 0.236795 0.236795 0.236795
5444.384766 0.000000 389.678894 0.000000 0.998655 0.000000 -0.051844 0.227063 0.227063 0.227063
5460.436035 0.000000 381.178131 0.000000 0.843465 0.000000 -0.537184 0.251782 0.251782 0.251782
5468.944336 0.000000 374.773621 0.000000 0.982137 0.000000 -0.188169 0.280320 0.280320 0.280320
5475.522949 0.000000 383.552155 0.000000 0.966135 0.000000 -0.258038 0.265449 0.265449 0.265449
5472.607910 0.000000 377.996887 0.000000 0.877949 0.000000 -0.478755 0.264248 0.264248 0.264248
5454.873047 0.000000 403.437683 0.000000 0.883571 0.000000 -0.468297 0.203589 0.203589 0.203589
5450.564941 0.000000 397.939545 0.000000 0.735674 0.000000 -0.677336 0.238120 0.238120 0.238120
5544.832520 0.000000 342.407410 0.000000 0.911393 0.000000 -0.411538 0.203653 0.203653 0.203653
5548.062988 0.000000 347.895386 0.000000 0.782590 0.000000 -0.622538 0.206375 0.206375 0.206375
5549.943359 0.000000 341.261169 0.000000 0.871896 0.000000 -0.489691 0.204855 0.204855 0.204855
5504.009766 0.000000 381.098755 0.000000 0.884302 0.000000 -0.466916 0.228306 0.228306 0.228306
5522.230469 0.000000 376.941772 0.000000 0.999971 0.000000 -0.007558 0.202877 0.202877 0.202877
5516.457520 0.000000 390.682190 0.000000 0.955689 0.000000 -0.294377 0.234104 0.234104 0.234104
5521.722656 0.000000 391.083588 0.000000 0.915947 0.000000 -0.401299 0.269879 0.269879 0.269879
5523.443848 0.000000 388.826019 0.000000 0.820924 0.000000 -0.571037 0.243678 0.243678 0.243678
5518.650879 0.000000 389.247070 0.000000 0.906126 0.000000 -0.423008 0.254428 0.254428 0.254428
5519.870117 0.000000 375.729126 0.000000 0.986839 0.000000 -0.161709 0.269180 0.269180 0.269180
5540.045898 0.000000 400.665527 0.000000 0.954226 0.000000 -0.299086 0.202464 0.202464 0.202464
5504.042480 0.000000 395.397949 0.000000 0.838137 0.000000 -0.545460 0.235723 0.235723 0.235723
5526.782715 0.000000 402.694000 0.000000 0.916184 0.000000 -0.400758 0.260081 0.260081 0.260081
5519.854980 0.000000 401.920349 0.000000 0.903545 0.000000 -0.428492 0.281640 0.281640 0.281640
5515.316406 0.000000 396.307648 0.000000 0.886296 0.000000 -0.463119 0.302628 0.302628 0.302628
"}
object={
	name="baobab_generator_2_3"
	clamp_to_water_level=no
	render_under_water=no
	generated_content=yes
	layer="semidynamic_medium"
	pdxmesh="tree_baobab_04_mesh"
	count=253
	transform="3690.009521 0.000000 224.389771 0.000000 0.213611 0.000000 -0.976919 0.210998 0.210998 0.210998
3640.551025 0.000000 258.796661 0.000000 0.511112 0.000000 -0.859514 0.207359 0.207359 0.207359
3668.089355 0.000000 270.754425 0.000000 0.025699 0.000000 -0.999670 0.210994 0.210994 0.210994
3678.961914 0.000000 226.898819 0.000000 0.675732 0.000000 -0.737147 0.220016 0.220016 0.220016
3659.616455 0.000000 255.278656 0.000000 0.451815 0.000000 -0.892112 0.231121 0.231121 0.231121
3668.822021 0.000000 257.048462 0.000000 0.027520 0.000000 -0.999621 0.277490 0.277490 0.277490
3716.948486 0.000000 226.052567 0.000000 0.559184 0.000000 -0.829044 0.237486 0.237486 0.237486
3723.487061 0.000000 234.497131 0.000000 0.625009 0.000000 -0.780618 0.233754 0.233754 0.233754
5368.065918 0.000000 25.362583 0.000000 0.365945 0.000000 -0.930637 0.207914 0.207914 0.207914
5361.272949 0.000000 33.624935 0.000000 0.173874 0.000000 -0.984768 0.212547 0.212547 0.212547
5368.550781 0.000000 32.859169 0.000000 0.511986 0.000000 -0.858994 0.207610 0.207610 0.207610
5270.478027 0.000000 91.377655 0.000000 0.603387 0.000000 -0.797449 0.206568 0.206568 0.206568
5289.260742 0.000000 100.706558 0.000000 0.060896 0.000000 -0.998144 0.213193 0.213193 0.213193
5289.385742 0.000000 89.402504 0.000000 0.444044 0.000000 -0.896005 0.209705 0.209705 0.209705
5281.947754 0.000000 105.957886 0.000000 0.518598 0.000000 -0.855018 0.215673 0.215673 0.215673
5282.735840 0.000000 96.137421 0.000000 0.468462 0.000000 -0.883483 0.213633 0.213633 0.213633
5309.611816 0.000000 95.244049 0.000000 0.541496 0.000000 -0.840703 0.211485 0.211485 0.211485
5283.666992 0.000000 92.970612 0.000000 0.066649 0.000000 -0.997777 0.220633 0.220633 0.220633
5296.580566 0.000000 86.925133 0.000000 0.059845 0.000000 -0.998208 0.284323 0.284323 0.284323
5265.722656 0.000000 108.661705 0.000000 0.585983 0.000000 -0.810323 0.220025 0.220025 0.220025
5301.519043 0.000000 83.109787 0.000000 0.093423 0.000000 -0.995626 0.274787 0.274787 0.274787
5292.127930 0.000000 83.925682 0.000000 0.289217 0.000000 -0.957263 0.238828 0.238828 0.238828
5297.394043 0.000000 81.814140 0.000000 0.596352 0.000000 -0.802723 0.236862 0.236862 0.236862
5284.342285 0.000000 112.153015 0.000000 0.616576 0.000000 -0.787295 0.272328 0.272328 0.272328
5300.393066 0.000000 78.877975 0.000000 0.311415 0.000000 -0.950274 0.315504 0.315504 0.315504
5298.395020 0.000000 86.500977 0.000000 0.690716 0.000000 -0.723126 0.306418 0.306418 0.306418
5338.979980 0.000000 98.317184 0.000000 0.429073 0.000000 -0.903270 0.208584 0.208584 0.208584
5349.982422 0.000000 106.746185 0.000000 0.009242 0.000000 -0.999957 0.210721 0.210721 0.210721
5332.089355 0.000000 101.301300 0.000000 0.668587 0.000000 -0.743634 0.205966 0.205966 0.205966
5345.210449 0.000000 101.357697 0.000000 0.214986 0.000000 -0.976617 0.209973 0.209973 0.209973
5337.621582 0.000000 104.359238 0.000000 0.495380 0.000000 -0.868676 0.207883 0.207883 0.207883
5348.276367 0.000000 89.731125 0.000000 0.191677 0.000000 -0.981458 0.211180 0.211180 0.211180
5343.334473 0.000000 97.469795 0.000000 0.117562 0.000000 -0.993066 0.213784 0.213784 0.213784
5346.735840 0.000000 96.137421 0.000000 0.064615 0.000000 -0.997910 0.223456 0.223456 0.223456
5345.099609 0.000000 90.434059 0.000000 0.476670 0.000000 -0.879082 0.225442 0.225442 0.225442
5351.591309 0.000000 98.320427 0.000000 0.497487 0.000000 -0.867471 0.273801 0.273801 0.273801
5306.544434 0.000000 153.391846 0.000000 0.158072 0.000000 -0.987428 0.209166 0.209166 0.209166
5286.893555 0.000000 132.416092 0.000000 0.252366 0.000000 -0.967632 0.221411 0.221411 0.221411
5292.083496 0.000000 133.029739 0.000000 0.267259 0.000000 -0.963625 0.270104 0.270104 0.270104
5283.991211 0.000000 128.695221 0.000000 0.124213 0.000000 -0.992256 0.231198 0.231198 0.231198
5286.535645 0.000000 142.476868 0.000000 0.390205 0.000000 -0.920728 0.264947 0.264947 0.264947
5293.375000 0.000000 137.890427 0.000000 0.545739 0.000000 -0.837955 0.251052 0.251052 0.251052
5286.889160 0.000000 136.408371 0.000000 0.213709 0.000000 -0.976897 0.214989 0.214989 0.214989
5299.863281 0.000000 137.341476 0.000000 0.046801 0.000000 -0.998904 0.216644 0.216644 0.216644
5290.288574 0.000000 136.116547 0.000000 0.254279 0.000000 -0.967131 0.246287 0.246287 0.246287
5283.104004 0.000000 121.510849 0.000000 0.669408 0.000000 -0.742895 0.338751 0.338751 0.338751
5283.666992 0.000000 149.454987 0.000000 0.598137 0.000000 -0.801394 0.215971 0.215971 0.215971
5282.857422 0.000000 142.097656 0.000000 0.595977 0.000000 -0.803001 0.260745 0.260745 0.260745
5296.580566 0.000000 143.409515 0.000000 0.174836 0.000000 -0.984598 0.218126 0.218126 0.218126
5278.961914 0.000000 113.930069 0.000000 0.459868 0.000000 -0.887987 0.295632 0.295632 0.295632
5286.337891 0.000000 126.704903 0.000000 0.572710 0.000000 -0.819758 0.266642 0.266642 0.266642
5277.958984 0.000000 123.169067 0.000000 0.466428 0.000000 -0.884559 0.345701 0.345701 0.345701
5270.782715 0.000000 120.272118 0.000000 0.012846 0.000000 -0.999918 0.248338 0.248338 0.248338
5293.942871 0.000000 134.909637 0.000000 0.299607 0.000000 -0.954063 0.253980 0.253980 0.253980
5286.646484 0.000000 145.125977 0.000000 0.318854 0.000000 -0.947804 0.277645 0.277645 0.277645
5282.111328 0.000000 144.583939 0.000000 0.322450 0.000000 -0.946586 0.273305 0.273305 0.273305
5272.077637 0.000000 122.365211 0.000000 0.648419 0.000000 -0.761284 0.305226 0.305226 0.305226
5281.365723 0.000000 123.143585 0.000000 0.193141 0.000000 -0.981171 0.357024 0.357024 0.357024
5284.550293 0.000000 143.762772 0.000000 0.334202 0.000000 -0.942501 0.250629 0.250629 0.250629
5288.647949 0.000000 114.295418 0.000000 0.693542 0.000000 -0.720416 0.259792 0.259792 0.259792
5295.882812 0.000000 117.992416 0.000000 0.509692 0.000000 -0.860357 0.418170 0.418170 0.418170
5294.245605 0.000000 132.891266 0.000000 0.273594 0.000000 -0.961845 0.278574 0.278574 0.278574
5283.217285 0.000000 123.807281 0.000000 0.499373 0.000000 -0.866387 0.370778 0.370778 0.370778
5287.104492 0.000000 124.862350 0.000000 0.355980 0.000000 -0.934494 0.414272 0.414272 0.414272
5283.182129 0.000000 119.735100 0.000000 0.633841 0.000000 -0.773463 0.394432 0.394432 0.394432
5281.519531 0.000000 120.829735 0.000000 0.245482 0.000000 -0.969401 0.332335 0.332335 0.332335
5295.105469 0.000000 116.530098 0.000000 0.687027 0.000000 -0.726632 0.406804 0.406804 0.406804
5290.439941 0.000000 125.192581 0.000000 0.335926 0.000000 -0.941888 0.405855 0.405855 0.405855
5286.074219 0.000000 122.815308 0.000000 0.030828 0.000000 -0.999525 0.503804 0.503804 0.503804
5284.154785 0.000000 120.671188 0.000000 0.614767 0.000000 -0.788708 0.458077 0.458077 0.458077
5313.318848 0.000000 151.857147 0.000000 0.077311 0.000000 -0.997007 0.209694 0.209694 0.209694
5312.254883 0.000000 160.109634 0.000000 0.365703 0.000000 -0.930731 0.208662 0.208662 0.208662
5313.884766 0.000000 164.021301 0.000000 0.596481 0.000000 -0.802628 0.223779 0.223779 0.223779
5434.544434 0.000000 153.391846 0.000000 0.387521 0.000000 -0.921861 0.207613 0.207613 0.207613
5437.248047 0.000000 158.970810 0.000000 0.005600 0.000000 -0.999984 0.242654 0.242654 0.242654
5439.462891 0.000000 113.318710 0.000000 0.353243 0.000000 -0.935532 0.381769 0.381769 0.381769
5448.407715 0.000000 120.781113 0.000000 0.441235 0.000000 -0.897391 0.208203 0.208203 0.208203
5449.063965 0.000000 143.430740 0.000000 0.113659 0.000000 -0.993520 0.212912 0.212912 0.212912
5469.392090 0.000000 157.642212 0.000000 0.287748 0.000000 -0.957706 0.212133 0.212133 0.212133
5464.572266 0.000000 152.433105 0.000000 0.143722 0.000000 -0.989618 0.257920 0.257920 0.257920
5459.991699 0.000000 146.196228 0.000000 0.488617 0.000000 -0.872498 0.250755 0.250755 0.250755
5446.057129 0.000000 157.906509 0.000000 0.556574 0.000000 -0.830798 0.290239 0.290239 0.290239
5440.042480 0.000000 112.976074 0.000000 0.401931 0.000000 -0.915670 0.333341 0.333341 0.333341
5468.380371 0.000000 167.819092 0.000000 0.091786 0.000000 -0.995779 0.258750 0.258750 0.258750
5472.544434 0.000000 160.300308 0.000000 0.265357 0.000000 -0.964150 0.288861 0.288861 0.288861
5454.389160 0.000000 146.353455 0.000000 0.665495 0.000000 -0.746402 0.343095 0.343095 0.343095
5463.935547 0.000000 150.023865 0.000000 0.397812 0.000000 -0.917467 0.270381 0.270381 0.270381
5454.401855 0.000000 154.664612 0.000000 0.636705 0.000000 -0.771107 0.320753 0.320753 0.320753
5472.330078 0.000000 167.266205 0.000000 0.647009 0.000000 -0.762482 0.246423 0.246423 0.246423
5456.382324 0.000000 168.785156 0.000000 0.250884 0.000000 -0.968017 0.300885 0.300885 0.300885
5459.253418 0.000000 160.555359 0.000000 0.635714 0.000000 -0.771924 0.290687 0.290687 0.290687
5451.263184 0.000000 149.531097 0.000000 0.526422 0.000000 -0.850223 0.373938 0.373938 0.373938
5446.953125 0.000000 148.579010 0.000000 0.671190 0.000000 -0.741285 0.319403 0.319403 0.319403
5449.808105 0.000000 154.135895 0.000000 0.111181 0.000000 -0.993800 0.342560 0.342560 0.342560
5458.979980 0.000000 152.982559 0.000000 0.503283 0.000000 -0.864122 0.364711 0.364711 0.364711
5455.590332 0.000000 165.065216 0.000000 0.653045 0.000000 -0.757319 0.388947 0.388947 0.388947
5462.911621 0.000000 153.958359 0.000000 0.602008 0.000000 -0.798490 0.306799 0.306799 0.306799
5461.917480 0.000000 157.231003 0.000000 0.158376 0.000000 -0.987379 0.347303 0.347303 0.347303
5448.859375 0.000000 150.455856 0.000000 0.647054 0.000000 -0.762444 0.330026 0.330026 0.330026
5447.784180 0.000000 166.285156 0.000000 0.415159 0.000000 -0.909749 0.411190 0.411190 0.411190
5452.919922 0.000000 163.004471 0.000000 0.362902 0.000000 -0.931827 0.355530 0.355530 0.355530
5456.024902 0.000000 154.387344 0.000000 0.278325 0.000000 -0.960487 0.363251 0.363251 0.363251
5448.986816 0.000000 167.676804 0.000000 0.058522 0.000000 -0.998286 0.371257 0.371257 0.371257
5444.298828 0.000000 168.867172 0.000000 0.523900 0.000000 -0.851780 0.429468 0.429468 0.429468
5426.798340 0.000000 206.134308 0.000000 0.481588 0.000000 -0.876398 0.250881 0.250881 0.250881
5436.013184 0.000000 184.317871 0.000000 0.040893 0.000000 -0.999164 0.277241 0.277241 0.277241
5430.158691 0.000000 201.512878 0.000000 0.101489 0.000000 -0.994837 0.252823 0.252823 0.252823
5438.582031 0.000000 184.320190 0.000000 0.578870 0.000000 -0.815420 0.296491 0.296491 0.296491
5439.814453 0.000000 187.897797 0.000000 0.294345 0.000000 -0.955699 0.358060 0.358060 0.358060
5431.044922 0.000000 208.541443 0.000000 0.439835 0.000000 -0.898079 0.320469 0.320469 0.320469
5438.948242 0.000000 171.607254 0.000000 0.000382 0.000000 -1.000000 0.267577 0.267577 0.267577
5439.273438 0.000000 180.844177 0.000000 0.612253 0.000000 -0.790662 0.349752 0.349752 0.349752
5432.096680 0.000000 197.097046 0.000000 0.559420 0.000000 -0.828885 0.266943 0.266943 0.266943
5437.252441 0.000000 179.879471 0.000000 0.322456 0.000000 -0.946584 0.303494 0.303494 0.303494
5433.678223 0.000000 184.574753 0.000000 0.351865 0.000000 -0.936051 0.282640 0.282640 0.282640
5429.007812 0.000000 210.603516 0.000000 0.052726 0.000000 -0.998609 0.284464 0.284464 0.284464
5433.814453 0.000000 188.295563 0.000000 0.583423 0.000000 -0.812169 0.296356 0.296356 0.296356
5432.654297 0.000000 186.666061 0.000000 0.510131 0.000000 -0.860097 0.321063 0.321063 0.321063
5435.429199 0.000000 194.765732 0.000000 0.451627 0.000000 -0.892207 0.341865 0.341865 0.341865
5435.262207 0.000000 191.589127 0.000000 0.557917 0.000000 -0.829897 0.315225 0.315225 0.315225
5439.416504 0.000000 176.678116 0.000000 0.617261 0.000000 -0.786759 0.378063 0.378063 0.378063
5438.383301 0.000000 190.619583 0.000000 0.353667 0.000000 -0.935371 0.457453 0.457453 0.457453
5465.661133 0.000000 172.519348 0.000000 0.185890 0.000000 -0.982571 0.224906 0.224906 0.224906
5451.486816 0.000000 178.012756 0.000000 0.500581 0.000000 -0.865690 0.370723 0.370723 0.370723
5448.667480 0.000000 174.232346 0.000000 0.552530 0.000000 -0.833493 0.319625 0.319625 0.319625
5452.112305 0.000000 184.359879 0.000000 0.244705 0.000000 -0.969598 0.228361 0.228361 0.228361
5458.498535 0.000000 173.271118 0.000000 0.614792 0.000000 -0.788689 0.249706 0.249706 0.249706
5446.070312 0.000000 176.493088 0.000000 0.580443 0.000000 -0.814301 0.397587 0.397587 0.397587
5441.654297 0.000000 183.811249 0.000000 0.452211 0.000000 -0.891911 0.400052 0.400052 0.400052
5447.699707 0.000000 185.308014 0.000000 0.616670 0.000000 -0.787222 0.438195 0.438195 0.438195
5456.790527 0.000000 177.608444 0.000000 0.337377 0.000000 -0.941370 0.317713 0.317713 0.317713
5447.434570 0.000000 180.196701 0.000000 0.070713 0.000000 -0.997497 0.388625 0.388625 0.388625
5440.369629 0.000000 180.355042 0.000000 0.285119 0.000000 -0.958492 0.464993 0.464993 0.464993
5443.049316 0.000000 181.723984 0.000000 0.180037 0.000000 -0.983660 0.488823 0.488823 0.488823
5445.431641 0.000000 180.229782 0.000000 0.346255 0.000000 -0.938140 0.440189 0.440189 0.440189
5445.597656 0.000000 182.920731 0.000000 0.216905 0.000000 -0.976193 0.447501 0.447501 0.447501
5444.588867 0.000000 179.090607 0.000000 0.387885 0.000000 -0.921708 0.440936 0.440936 0.440936
5445.475098 0.000000 177.729355 0.000000 0.629388 0.000000 -0.777091 0.394702 0.394702 0.394702
5443.455566 0.000000 188.134247 0.000000 0.229687 0.000000 -0.973265 0.435283 0.435283 0.435283
5441.219727 0.000000 177.471695 0.000000 0.264411 0.000000 -0.964410 0.428577 0.428577 0.428577
5439.958008 0.000000 246.836502 0.000000 0.479405 0.000000 -0.877594 0.207619 0.207619 0.207619
5437.524414 0.000000 243.007202 0.000000 0.698368 0.000000 -0.715739 0.206771 0.206771 0.206771
5425.687988 0.000000 234.890076 0.000000 0.198683 0.000000 -0.980064 0.333742 0.333742 0.333742
5427.914062 0.000000 231.725891 0.000000 0.347461 0.000000 -0.937694 0.299957 0.299957 0.299957
5498.368164 0.000000 277.863464 0.000000 0.580442 0.000000 -0.814301 0.206533 0.206533 0.206533
5492.365234 0.000000 265.203735 0.000000 0.340402 0.000000 -0.940280 0.246374 0.246374 0.246374
5491.213867 0.000000 272.194702 0.000000 0.161559 0.000000 -0.986863 0.260505 0.260505 0.260505
5493.013672 0.000000 260.583832 0.000000 0.657407 0.000000 -0.753536 0.268618 0.268618 0.268618
5497.910645 0.000000 273.888550 0.000000 0.371229 0.000000 -0.928541 0.220066 0.220066 0.220066
5485.386719 0.000000 280.644501 0.000000 0.109755 0.000000 -0.993959 0.218796 0.218796 0.218796
5487.537109 0.000000 253.065964 0.000000 0.017027 0.000000 -0.999855 0.243943 0.243943 0.243943
5493.860840 0.000000 274.003967 0.000000 0.139354 0.000000 -0.990243 0.233822 0.233822 0.233822
5499.100586 0.000000 236.030228 0.000000 0.650677 0.000000 -0.759355 0.222968 0.222968 0.222968
5493.519043 0.000000 252.562912 0.000000 0.581462 0.000000 -0.813573 0.289546 0.289546 0.289546
5478.469727 0.000000 252.531540 0.000000 0.475182 0.000000 -0.879888 0.246927 0.246927 0.246927
5481.128906 0.000000 246.803162 0.000000 0.605505 0.000000 -0.795841 0.255203 0.255203 0.255203
5494.158691 0.000000 257.997253 0.000000 0.555010 0.000000 -0.831844 0.342237 0.342237 0.342237
5489.031738 0.000000 272.276062 0.000000 0.572354 0.000000 -0.820007 0.285688 0.285688 0.285688
5492.316895 0.000000 255.063400 0.000000 0.270037 0.000000 -0.962850 0.374394 0.374394 0.374394
5489.909180 0.000000 257.778778 0.000000 0.660576 0.000000 -0.750760 0.311612 0.311612 0.311612
5503.883789 0.000000 264.677063 0.000000 0.133590 0.000000 -0.991037 0.477651 0.477651 0.477651
5498.590332 0.000000 268.491943 0.000000 0.243824 0.000000 -0.969819 0.441076 0.441076 0.441076
5501.145996 0.000000 267.616730 0.000000 0.147034 0.000000 -0.989131 0.493093 0.493093 0.493093
5503.312988 0.000000 267.212463 0.000000 0.159004 0.000000 -0.987278 0.497232 0.497232 0.497232
5434.368164 0.000000 334.347839 0.000000 0.184847 0.000000 -0.982767 0.210199 0.210199 0.210199
5390.007324 0.000000 313.312103 0.000000 0.034388 0.000000 -0.999409 0.210932 0.210932 0.210932
5424.023926 0.000000 334.956909 0.000000 0.010427 0.000000 -0.999946 0.217001 0.217001 0.217001
5434.631836 0.000000 317.558319 0.000000 0.509696 0.000000 -0.860355 0.272150 0.272150 0.272150
5415.591309 0.000000 324.257935 0.000000 0.342053 0.000000 -0.939681 0.244968 0.244968 0.244968
5437.738281 0.000000 310.671021 0.000000 0.624880 0.000000 -0.780721 0.262761 0.262761 0.262761
5412.952637 0.000000 322.898804 0.000000 0.477819 0.000000 -0.878458 0.250948 0.250948 0.250948
5403.203125 0.000000 321.739563 0.000000 0.559831 0.000000 -0.828607 0.254803 0.254803 0.254803
5437.382324 0.000000 312.724213 0.000000 0.656014 0.000000 -0.754749 0.267325 0.267325 0.267325
5433.001953 0.000000 317.853882 0.000000 0.116788 0.000000 -0.993157 0.333079 0.333079 0.333079
5481.563477 0.000000 308.912872 0.000000 0.413261 0.000000 -0.910613 0.208288 0.208288 0.208288
5471.758301 0.000000 312.581512 0.000000 0.695617 0.000000 -0.718413 0.206303 0.206303 0.206303
5484.062988 0.000000 291.411011 0.000000 0.532553 0.000000 -0.846397 0.208314 0.208314 0.208314
5466.074219 0.000000 312.938293 0.000000 0.696674 0.000000 -0.717388 0.206392 0.206392 0.206392
5466.364746 0.000000 307.983185 0.000000 0.082619 0.000000 -0.996581 0.217681 0.217681 0.217681
5474.015137 0.000000 302.917419 0.000000 0.508240 0.000000 -0.861216 0.209456 0.209456 0.209456
5478.337891 0.000000 296.158020 0.000000 0.272728 0.000000 -0.962091 0.234905 0.234905 0.234905
5461.235840 0.000000 302.282959 0.000000 0.409389 0.000000 -0.912360 0.238480 0.238480 0.238480
5519.272949 0.000000 247.856049 0.000000 0.482425 0.000000 -0.875937 0.209193 0.209193 0.209193
5519.197266 0.000000 237.570267 0.000000 0.602270 0.000000 -0.798292 0.212045 0.212045 0.212045
5527.191895 0.000000 271.828125 0.000000 0.571483 0.000000 -0.820614 0.251895 0.251895 0.251895
5514.564941 0.000000 228.486420 0.000000 0.684022 0.000000 -0.729461 0.314802 0.314802 0.314802
5510.395508 0.000000 255.993149 0.000000 0.074151 0.000000 -0.997247 0.334310 0.334310 0.334310
5514.329590 0.000000 250.642120 0.000000 0.550477 0.000000 -0.834850 0.236304 0.236304 0.236304
5507.913086 0.000000 236.874039 0.000000 0.381958 0.000000 -0.924180 0.297645 0.297645 0.297645
5511.143066 0.000000 253.321960 0.000000 0.663230 0.000000 -0.748415 0.283128 0.283128 0.283128
5517.612305 0.000000 229.066116 0.000000 0.505508 0.000000 -0.862822 0.253155 0.253155 0.253155
5517.487793 0.000000 235.954178 0.000000 0.195590 0.000000 -0.980686 0.302214 0.302214 0.302214
5508.602051 0.000000 228.543320 0.000000 0.068360 0.000000 -0.997661 0.278209 0.278209 0.278209
5506.199219 0.000000 233.049789 0.000000 0.240532 0.000000 -0.970641 0.352302 0.352302 0.352302
5512.722168 0.000000 258.456604 0.000000 0.416504 0.000000 -0.909134 0.428229 0.428229 0.428229
5510.936035 0.000000 229.513321 0.000000 0.464238 0.000000 -0.885710 0.334130 0.334130 0.334130
5516.251465 0.000000 232.773590 0.000000 0.205673 0.000000 -0.978621 0.358143 0.358143 0.358143
5505.843750 0.000000 272.317169 0.000000 0.018076 0.000000 -0.999837 0.340655 0.340655 0.340655
5510.382324 0.000000 262.937439 0.000000 0.066369 0.000000 -0.997795 0.433621 0.433621 0.433621
5511.231934 0.000000 239.176773 0.000000 0.211482 0.000000 -0.977382 0.447802 0.447802 0.447802
5508.588867 0.000000 235.574982 0.000000 0.612573 0.000000 -0.790414 0.384093 0.384093 0.384093
5509.475098 0.000000 234.213730 0.000000 0.260769 0.000000 -0.965401 0.401499 0.401499 0.401499
5514.359863 0.000000 233.755005 0.000000 0.063783 0.000000 -0.997964 0.462774 0.462774 0.462774
5506.176270 0.000000 263.870728 0.000000 0.378548 0.000000 -0.925582 0.465555 0.465555 0.465555
5506.857910 0.000000 268.281006 0.000000 0.594316 0.000000 -0.804231 0.450386 0.450386 0.450386
5505.354492 0.000000 267.653534 0.000000 0.057085 0.000000 -0.998369 0.504678 0.504678 0.504678
5541.982422 0.000000 332.683685 0.000000 0.627495 0.000000 -0.778620 0.206239 0.206239 0.206239
5506.500488 0.000000 302.165955 0.000000 0.376369 0.000000 -0.926470 0.209170 0.209170 0.209170
5530.074219 0.000000 312.938293 0.000000 0.470869 0.000000 -0.882203 0.218885 0.218885 0.218885
5545.656250 0.000000 322.531647 0.000000 0.625071 0.000000 -0.780568 0.214325 0.214325 0.214325
5516.112305 0.000000 297.328644 0.000000 0.522611 0.000000 -0.852571 0.271859 0.271859 0.271859
5520.939453 0.000000 298.350555 0.000000 0.245709 0.000000 -0.969344 0.246414 0.246414 0.246414
5533.958984 0.000000 292.622192 0.000000 0.289893 0.000000 -0.957059 0.255543 0.255543 0.255543
5519.671387 0.000000 283.950958 0.000000 0.631093 0.000000 -0.775707 0.348890 0.348890 0.348890
5530.165527 0.000000 290.679657 0.000000 0.215103 0.000000 -0.976591 0.345471 0.345471 0.345471
5546.678223 0.000000 320.596924 0.000000 0.437092 0.000000 -0.899417 0.284938 0.284938 0.284938
5434.807129 0.000000 345.560791 0.000000 0.160517 0.000000 -0.987033 0.209326 0.209326 0.209326
5404.431641 0.000000 346.414093 0.000000 0.354824 0.000000 -0.934933 0.212204 0.212204 0.212204
5420.194824 0.000000 350.983643 0.000000 0.495339 0.000000 -0.868700 0.222545 0.222545 0.222545
5412.575195 0.000000 341.295258 0.000000 0.615878 0.000000 -0.787841 0.223494 0.223494 0.223494
5439.976562 0.000000 389.521637 0.000000 0.033985 0.000000 -0.999422 0.246596 0.246596 0.246596
5471.758301 0.000000 369.065887 0.000000 0.051478 0.000000 -0.998674 0.223597 0.223597 0.223597
5462.478027 0.000000 373.799530 0.000000 0.161644 0.000000 -0.986849 0.247645 0.247645 0.247645
5444.032715 0.000000 370.517853 0.000000 0.120172 0.000000 -0.992753 0.210500 0.210500 0.210500
5481.385742 0.000000 371.824371 0.000000 0.497721 0.000000 -0.867337 0.229141 0.229141 0.229141
5457.256836 0.000000 373.621124 0.000000 0.047212 0.000000 -0.998885 0.212172 0.212172 0.212172
5485.434082 0.000000 368.635529 0.000000 0.233287 0.000000 -0.972408 0.211335 0.211335 0.211335
5443.505371 0.000000 382.332397 0.000000 0.487496 0.000000 -0.873125 0.208878 0.208878 0.208878
5453.506836 0.000000 374.720734 0.000000 0.416591 0.000000 -0.909094 0.224886 0.224886 0.224886
5493.013672 0.000000 373.552582 0.000000 0.370356 0.000000 -0.928890 0.214715 0.214715 0.214715
5461.502930 0.000000 387.225464 0.000000 0.099817 0.000000 -0.995006 0.213586 0.213586 0.213586
5481.204590 0.000000 375.467590 0.000000 0.683449 0.000000 -0.729998 0.231438 0.231438 0.231438
5449.866211 0.000000 377.978577 0.000000 0.153917 0.000000 -0.988084 0.214211 0.214211 0.214211
5501.611816 0.000000 377.665924 0.000000 0.074767 0.000000 -0.997201 0.237459 0.237459 0.237459
5473.099609 0.000000 372.855927 0.000000 0.232326 0.000000 -0.972638 0.257907 0.257907 0.257907
5469.422852 0.000000 377.458069 0.000000 0.059549 0.000000 -0.998225 0.287318 0.287318 0.287318
5474.111328 0.000000 370.521454 0.000000 0.407080 0.000000 -0.913393 0.239873 0.239873 0.239873
5473.987305 0.000000 376.519897 0.000000 0.314295 0.000000 -0.949325 0.279167 0.279167 0.279167
5532.793945 0.000000 341.748016 0.000000 0.111996 0.000000 -0.993709 0.209650 0.209650 0.209650
5535.453613 0.000000 355.636383 0.000000 0.560119 0.000000 -0.828412 0.208896 0.208896 0.208896
5518.007324 0.000000 369.796478 0.000000 0.703573 0.000000 -0.710623 0.206413 0.206413 0.206413
5540.045898 0.000000 344.181152 0.000000 0.668482 0.000000 -0.743728 0.206909 0.206909 0.206909
5539.991211 0.000000 354.632721 0.000000 0.328673 0.000000 -0.944444 0.211416 0.211416 0.211416
5522.817383 0.000000 369.350159 0.000000 0.191830 0.000000 -0.981428 0.211523 0.211523 0.211523
5531.932617 0.000000 359.175903 0.000000 0.128292 0.000000 -0.991736 0.219991 0.219991 0.219991
5514.072266 0.000000 395.078278 0.000000 0.660159 0.000000 -0.751126 0.315728 0.315728 0.315728
5516.083496 0.000000 384.420105 0.000000 0.363885 0.000000 -0.931444 0.239146 0.239146 0.239146
5506.575684 0.000000 380.033325 0.000000 0.116776 0.000000 -0.993158 0.244016 0.244016 0.244016
5519.590332 0.000000 391.002716 0.000000 0.580988 0.000000 -0.813912 0.278638 0.278638 0.278638
5549.516602 0.000000 410.123932 0.000000 0.549791 0.000000 -0.835302 0.206541 0.206541 0.206541
5535.453613 0.000000 412.120758 0.000000 0.406129 0.000000 -0.913816 0.207769 0.207769 0.207769
5518.033691 0.000000 401.281616 0.000000 0.537680 0.000000 -0.843149 0.294915 0.294915 0.294915
5520.790527 0.000000 403.545959 0.000000 0.182149 0.000000 -0.983271 0.335767 0.335767 0.335767
"}
