object={
	name="french_dynamic_mining_objects_generator_1_0"
	clamp_to_water_level=no
	render_under_water=no
	generated_content=yes
	layer="mines_dynamic"
	pdxmesh="french_mining_quarry_01_mesh"
	count=89
	transform="4084.365479 0.000000 2637.547607 0.000000 0.481612 0.000000 0.876384 0.000000 0.000000 0.000000
4088.315674 0.000000 2635.290283 0.000000 0.341533 0.000000 0.939870 0.000000 0.000000 0.000000
4090.305176 0.000000 2642.262695 0.000000 0.151351 0.000000 0.988480 0.000000 0.000000 0.000000
4093.612061 0.000000 2637.041016 0.000000 0.184297 0.000000 0.982871 0.000000 0.000000 0.000000
4016.647949 0.000000 2695.241455 0.000000 0.147235 0.000000 0.989102 0.000000 0.000000 0.000000
4044.083740 0.000000 2700.279541 0.000000 0.860219 0.000000 0.509924 0.000000 0.000000 0.000000
4089.384521 0.000000 2711.017334 0.000000 0.123433 0.000000 0.992353 1.000000 1.000000 1.000000
4048.244385 0.000000 2683.963379 0.000000 0.544195 0.000000 0.838958 1.000000 1.000000 1.000000
4034.822754 0.000000 2688.733643 0.000000 0.764544 0.000000 0.644572 0.000000 0.000000 0.000000
4044.721436 0.000000 2693.090576 0.000000 0.202457 0.000000 0.979291 0.000000 0.000000 0.000000
4034.575684 0.000000 2695.892578 0.000000 0.608275 0.000000 0.793726 1.000000 1.000000 1.000000
4051.362793 0.000000 2682.753418 0.000000 0.162816 0.000000 0.986656 0.000000 0.000000 0.000000
4093.512207 0.000000 2711.276123 0.000000 0.275584 0.000000 0.961277 0.000000 0.000000 0.000000
4088.639160 0.000000 2716.222412 0.000000 0.773963 0.000000 0.633231 0.000000 0.000000 0.000000
4079.339111 0.000000 2711.496094 0.000000 0.124566 0.000000 0.992211 0.000000 0.000000 0.000000
4065.641846 0.000000 2729.328613 0.000000 0.850808 0.000000 0.525477 1.000000 1.000000 1.000000
4155.100586 0.000000 2551.889648 0.000000 0.811385 0.000000 0.584513 1.000000 1.000000 1.000000
4185.621582 0.000000 2589.671631 0.000000 0.174506 0.000000 0.984656 1.000000 1.000000 1.000000
4193.947754 0.000000 2591.270508 0.000000 0.570719 0.000000 0.821145 0.000000 0.000000 0.000000
4185.916992 0.000000 2586.562988 0.000000 0.831322 0.000000 0.555791 0.000000 0.000000 0.000000
4180.436035 0.000000 2584.068848 0.000000 0.197273 0.000000 0.980349 0.000000 0.000000 0.000000
4187.698730 0.000000 2588.296143 0.000000 0.008036 0.000000 0.999968 1.000000 1.000000 1.000000
4227.505371 0.000000 2585.223145 0.000000 0.619986 0.000000 0.784613 0.000000 0.000000 0.000000
4253.422852 0.000000 2580.348633 0.000000 0.256541 0.000000 0.966533 1.000000 1.000000 1.000000
4234.072266 0.000000 2597.968994 0.000000 0.123731 0.000000 0.992316 0.000000 0.000000 0.000000
4231.437500 0.000000 2596.840576 0.000000 0.455220 0.000000 0.890379 0.000000 0.000000 0.000000
4238.979980 0.000000 2566.636963 0.000000 0.251720 0.000000 0.967800 0.000000 0.000000 0.000000
4235.616211 0.000000 2571.137939 0.000000 0.751290 0.000000 0.659972 0.000000 0.000000 0.000000
4226.822754 0.000000 2575.764893 0.000000 0.579617 0.000000 0.814889 1.000000 1.000000 1.000000
4243.640625 0.000000 2567.108643 0.000000 0.685933 0.000000 0.727665 0.000000 0.000000 0.000000
4247.339844 0.000000 2574.204346 0.000000 0.020001 0.000000 0.999800 1.000000 1.000000 1.000000
4243.362793 0.000000 2569.784668 0.000000 0.423932 0.000000 0.905694 0.000000 0.000000 0.000000
4097.318848 0.000000 2637.169678 0.000000 0.396638 0.000000 0.917975 1.000000 1.000000 1.000000
4098.500488 0.000000 2618.025391 0.000000 0.534798 0.000000 0.844980 1.000000 1.000000 1.000000
4105.203613 0.000000 2633.981934 0.000000 0.530528 0.000000 0.847667 0.000000 0.000000 0.000000
4100.763672 0.000000 2634.473389 0.000000 0.116555 0.000000 0.993184 1.000000 1.000000 1.000000
4096.163086 0.000000 2633.027832 0.000000 0.467977 0.000000 0.883740 0.000000 0.000000 0.000000
4099.837402 0.000000 2621.843262 0.000000 0.155252 0.000000 0.987875 1.000000 1.000000 1.000000
4096.009766 0.000000 2640.473877 0.000000 0.265547 0.000000 0.964098 0.000000 0.000000 0.000000
4096.894531 0.000000 2628.581299 0.000000 0.513384 0.000000 0.858159 0.000000 0.000000 0.000000
4121.661133 0.000000 2601.347412 0.000000 0.780366 0.000000 0.625323 0.000000 0.000000 0.000000
4155.100586 0.000000 2608.374023 0.000000 0.381125 0.000000 0.924524 0.000000 0.000000 0.000000
4096.936035 0.000000 2620.890869 0.000000 0.477999 0.000000 0.878360 1.000000 1.000000 1.000000
4108.112305 0.000000 2613.187988 0.000000 0.345269 0.000000 0.938504 0.000000 0.000000 0.000000
4113.664551 0.000000 2604.937256 0.000000 0.407398 0.000000 0.913251 0.000000 0.000000 0.000000
4116.094727 0.000000 2613.682129 0.000000 0.489343 0.000000 0.872091 1.000000 1.000000 1.000000
4126.608887 0.000000 2603.820801 0.000000 0.496035 0.000000 0.868302 1.000000 1.000000 1.000000
4112.939453 0.000000 2614.209961 0.000000 0.854910 0.000000 0.518776 0.000000 0.000000 0.000000
4134.337891 0.000000 2612.017334 0.000000 0.485354 0.000000 0.874318 0.000000 0.000000 0.000000
4103.213379 0.000000 2636.481201 0.000000 0.203949 0.000000 0.978981 1.000000 1.000000 1.000000
4117.235840 0.000000 2618.142334 0.000000 0.260535 0.000000 0.965464 0.000000 0.000000 0.000000
4116.832520 0.000000 2610.860840 0.000000 0.369427 0.000000 0.929260 1.000000 1.000000 1.000000
4118.782715 0.000000 2605.584717 0.000000 0.807906 0.000000 0.589312 1.000000 1.000000 1.000000
4119.068359 0.000000 2602.792480 0.000000 0.589969 0.000000 0.807426 0.000000 0.000000 0.000000
4129.491699 0.000000 2604.176514 0.000000 0.584947 0.000000 0.811072 1.000000 1.000000 1.000000
4141.942871 0.000000 2620.222168 0.000000 0.031980 0.000000 0.999489 0.000000 0.000000 0.000000
4113.436523 0.000000 2622.150391 0.000000 0.619437 0.000000 0.785047 0.000000 0.000000 0.000000
4115.640625 0.000000 2623.593018 0.000000 0.260590 0.000000 0.965450 0.000000 0.000000 0.000000
4104.173828 0.000000 2620.547607 0.000000 0.363848 0.000000 0.931458 1.000000 1.000000 1.000000
4133.463867 0.000000 2605.886719 0.000000 0.470978 0.000000 0.882145 1.000000 1.000000 1.000000
4188.380371 0.000000 2653.131592 0.000000 0.305580 0.000000 0.952166 0.000000 0.000000 0.000000
4180.994629 0.000000 2600.833984 0.000000 0.851800 0.000000 0.523867 1.000000 1.000000 1.000000
4217.384766 0.000000 2654.532959 0.000000 0.371325 0.000000 0.928503 1.000000 1.000000 1.000000
4193.062500 0.000000 2650.355225 0.000000 0.255067 0.000000 0.966923 0.000000 0.000000 0.000000
4203.601562 0.000000 2651.181396 0.000000 0.337927 0.000000 0.941172 1.000000 1.000000 1.000000
4180.805176 0.000000 2598.348877 0.000000 0.849487 0.000000 0.527609 1.000000 1.000000 1.000000
4191.328613 0.000000 2648.603027 0.000000 0.534984 0.000000 0.844862 1.000000 1.000000 1.000000
4112.971680 0.000000 2703.942627 0.000000 0.760322 0.000000 0.649546 0.000000 0.000000 0.000000
4180.569336 0.000000 2660.152100 0.000000 0.556148 0.000000 0.831083 1.000000 1.000000 1.000000
4186.122559 0.000000 2665.573975 0.000000 0.467856 0.000000 0.883805 0.000000 0.000000 0.000000
4226.356934 0.000000 2603.179443 0.000000 0.744857 0.000000 0.667224 0.000000 0.000000 0.000000
4116.569336 0.000000 2716.636475 0.000000 0.699742 0.000000 0.714395 1.000000 1.000000 1.000000
4121.237793 0.000000 2717.408936 0.000000 0.660402 0.000000 0.750912 0.000000 0.000000 0.000000
4117.668945 0.000000 2721.038818 0.000000 0.629215 0.000000 0.777231 0.000000 0.000000 0.000000
4116.994629 0.000000 2713.802734 0.000000 0.005070 0.000000 0.999987 1.000000 1.000000 1.000000
4118.782715 0.000000 2718.553467 0.000000 0.159245 0.000000 0.987239 1.000000 1.000000 1.000000
4174.007324 0.000000 2742.140137 0.000000 0.300036 0.000000 0.953928 0.000000 0.000000 0.000000
4178.579102 0.000000 2766.438965 0.000000 0.864912 0.000000 0.501923 0.000000 0.000000 0.000000
4171.406250 0.000000 2744.320801 0.000000 0.414863 0.000000 0.909884 0.000000 0.000000 0.000000
4179.991699 0.000000 2744.477539 0.000000 0.604553 0.000000 0.796565 0.000000 0.000000 0.000000
4172.083496 0.000000 2756.763916 0.000000 0.837744 0.000000 0.546064 0.000000 0.000000 0.000000
4174.604980 0.000000 2758.826904 0.000000 0.307512 0.000000 0.951544 1.000000 1.000000 1.000000
4180.984863 0.000000 2748.447998 0.000000 0.087741 0.000000 0.996143 1.000000 1.000000 1.000000
4193.910645 0.000000 2753.572754 0.000000 0.385372 0.000000 0.922761 1.000000 1.000000 1.000000
4179.443848 0.000000 2761.169678 0.000000 0.631620 0.000000 0.775278 1.000000 1.000000 1.000000
4198.646484 0.000000 2743.407227 0.000000 0.762570 0.000000 0.646906 1.000000 1.000000 1.000000
4194.111328 0.000000 2742.865234 0.000000 0.196180 0.000000 0.980568 1.000000 1.000000 1.000000
4216.742188 0.000000 2741.143799 0.000000 0.350457 0.000000 0.936579 1.000000 1.000000 1.000000
4268.352051 0.000000 2728.510986 0.000000 0.822356 0.000000 0.568974 1.000000 1.000000 1.000000
"}
object={
	name="french_dynamic_mining_objects_generator_1_1"
	clamp_to_water_level=no
	render_under_water=no
	generated_content=yes
	layer="mines_dynamic"
	pdxmesh="french_mining_quarry_02_mesh"
	count=81
	transform="4087.060791 0.000000 2639.880859 0.000000 0.998993 0.000000 -0.044856 0.000000 0.000000 0.000000
4026.544434 0.000000 2695.188721 0.000000 0.998848 0.000000 0.047985 0.000000 0.000000 0.000000
4020.365479 0.000000 2694.031982 0.000000 0.975276 0.000000 -0.220990 0.000000 0.000000 0.000000
4026.305176 0.000000 2698.747070 0.000000 0.870390 0.000000 -0.492363 0.000000 0.000000 0.000000
4039.213623 0.000000 2692.965576 0.000000 0.999913 0.000000 -0.013162 1.000000 1.000000 1.000000
4042.235840 0.000000 2698.449951 0.000000 0.992495 0.000000 0.122284 1.000000 1.000000 1.000000
4090.807129 0.000000 2717.904541 0.000000 0.931740 0.000000 0.363126 0.000000 0.000000 0.000000
4084.014648 0.000000 2720.093262 0.000000 0.926370 0.000000 0.376614 0.000000 0.000000 0.000000
4065.448975 0.000000 2734.546875 0.000000 0.886560 0.000000 0.462613 1.000000 1.000000 1.000000
4062.952637 0.000000 2730.762207 0.000000 0.951710 0.000000 -0.306999 0.000000 0.000000 0.000000
4089.460693 0.000000 2711.353271 0.000000 0.920066 0.000000 -0.391763 1.000000 1.000000 1.000000
4190.060547 0.000000 2589.951660 0.000000 0.999921 0.000000 -0.012539 1.000000 1.000000 1.000000
4189.422852 0.000000 2580.348633 0.000000 0.980075 0.000000 0.198628 0.000000 0.000000 0.000000
4192.544434 0.000000 2589.128418 0.000000 0.887561 0.000000 0.460690 0.000000 0.000000 0.000000
4191.328613 0.000000 2592.118652 0.000000 0.983433 0.000000 0.181274 1.000000 1.000000 1.000000
4224.254883 0.000000 2588.937744 0.000000 0.980552 0.000000 -0.196259 0.000000 0.000000 0.000000
4230.507812 0.000000 2593.887939 0.000000 0.987832 0.000000 -0.155522 0.000000 0.000000 0.000000
4227.510742 0.000000 2588.724854 0.000000 0.995107 0.000000 0.098802 1.000000 1.000000 1.000000
4226.575684 0.000000 2582.923828 0.000000 0.971468 0.000000 0.237170 0.000000 0.000000 0.000000
4226.311035 0.000000 2578.407959 0.000000 0.878239 0.000000 -0.478222 1.000000 1.000000 1.000000
4237.872070 0.000000 2570.199463 0.000000 0.914961 0.000000 -0.403542 1.000000 1.000000 1.000000
4111.130859 0.000000 2637.653076 0.000000 0.998862 0.000000 -0.047692 1.000000 1.000000 1.000000
4097.017578 0.000000 2624.974365 0.000000 0.996215 0.000000 0.086928 0.000000 0.000000 0.000000
4100.957520 0.000000 2638.128418 0.000000 0.925351 0.000000 0.379111 0.000000 0.000000 0.000000
4128.449219 0.000000 2624.276611 0.000000 0.981693 0.000000 -0.190471 0.000000 0.000000 0.000000
4144.746582 0.000000 2601.518799 0.000000 0.933248 0.000000 0.359233 0.000000 0.000000 0.000000
4132.759766 0.000000 2619.657471 0.000000 0.934036 0.000000 0.357178 0.000000 0.000000 0.000000
4126.961914 0.000000 2599.242676 0.000000 0.939508 0.000000 -0.342526 0.000000 0.000000 0.000000
4112.244141 0.000000 2627.479004 0.000000 0.993430 0.000000 0.114444 1.000000 1.000000 1.000000
4123.635742 0.000000 2621.331543 0.000000 0.999189 0.000000 -0.040276 0.000000 0.000000 0.000000
4132.575195 0.000000 2600.670166 0.000000 0.946605 0.000000 0.322395 1.000000 1.000000 1.000000
4121.706543 0.000000 2611.920654 0.000000 0.928114 0.000000 -0.372297 1.000000 1.000000 1.000000
4112.186523 0.000000 2617.432617 0.000000 0.907405 0.000000 0.420256 1.000000 1.000000 1.000000
4125.958984 0.000000 2608.481689 0.000000 0.968369 0.000000 0.249524 1.000000 1.000000 1.000000
4134.469727 0.000000 2624.875244 0.000000 0.998720 0.000000 0.050583 0.000000 0.000000 0.000000
4121.283691 0.000000 2619.898926 0.000000 0.982217 0.000000 -0.187751 0.000000 0.000000 0.000000
4110.979980 0.000000 2623.121338 0.000000 0.920079 0.000000 -0.391733 1.000000 1.000000 1.000000
4152.639160 0.000000 2603.253662 0.000000 0.996668 0.000000 0.081563 1.000000 1.000000 1.000000
4098.822754 0.000000 2632.249268 0.000000 0.905289 0.000000 0.424797 0.000000 0.000000 0.000000
4108.721191 0.000000 2636.606201 0.000000 0.872981 0.000000 0.487754 1.000000 1.000000 1.000000
4134.824707 0.000000 2603.519043 0.000000 0.889043 0.000000 -0.457824 0.000000 0.000000 0.000000
4143.339355 0.000000 2598.527344 0.000000 0.987774 0.000000 0.155895 0.000000 0.000000 0.000000
4115.894531 0.000000 2606.052979 0.000000 0.981265 0.000000 0.192664 1.000000 1.000000 1.000000
4123.678223 0.000000 2603.295410 0.000000 0.905886 0.000000 0.423521 1.000000 1.000000 1.000000
4185.621582 0.000000 2646.156006 0.000000 0.992930 0.000000 -0.118702 0.000000 0.000000 0.000000
4183.491699 0.000000 2598.912842 0.000000 0.931991 0.000000 -0.362481 1.000000 1.000000 1.000000
4187.595215 0.000000 2648.804932 0.000000 0.946352 0.000000 -0.323137 0.000000 0.000000 0.000000
4162.356934 0.000000 2603.179443 0.000000 0.966809 0.000000 -0.255498 1.000000 1.000000 1.000000
4218.462402 0.000000 2615.351318 0.000000 0.993000 0.000000 -0.118115 1.000000 1.000000 1.000000
4190.961914 0.000000 2599.242676 0.000000 0.995249 0.000000 0.097362 0.000000 0.000000 0.000000
4216.639160 0.000000 2603.253662 0.000000 0.990350 0.000000 -0.138589 0.000000 0.000000 0.000000
4216.473633 0.000000 2606.412109 0.000000 0.907257 0.000000 -0.420577 0.000000 0.000000 0.000000
4117.502930 0.000000 2703.084717 0.000000 0.997681 0.000000 -0.068070 0.000000 0.000000 0.000000
4185.237793 0.000000 2660.924561 0.000000 0.951822 0.000000 0.306650 1.000000 1.000000 1.000000
4186.987305 0.000000 2654.854492 0.000000 0.973246 0.000000 -0.229766 1.000000 1.000000 1.000000
4202.835938 0.000000 2660.771973 0.000000 0.920799 0.000000 -0.390038 0.000000 0.000000 0.000000
4185.661133 0.000000 2657.831787 0.000000 0.999786 0.000000 0.020696 1.000000 1.000000 1.000000
4216.639160 0.000000 2659.738037 0.000000 0.899196 0.000000 -0.437546 0.000000 0.000000 0.000000
4183.068359 0.000000 2659.276855 0.000000 0.878655 0.000000 -0.477457 1.000000 1.000000 1.000000
4198.824707 0.000000 2660.003418 0.000000 0.999110 0.000000 -0.042184 1.000000 1.000000 1.000000
4187.678223 0.000000 2659.779785 0.000000 0.901807 0.000000 0.432139 1.000000 1.000000 1.000000
4233.084961 0.000000 2609.099121 0.000000 0.979936 0.000000 -0.199311 1.000000 1.000000 1.000000
4224.090332 0.000000 2601.576904 0.000000 0.972167 0.000000 -0.234291 0.000000 0.000000 0.000000
4233.795410 0.000000 2598.305664 0.000000 0.998827 0.000000 -0.048428 0.000000 0.000000 0.000000
4114.283691 0.000000 2712.382812 0.000000 0.955107 0.000000 0.296262 0.000000 0.000000 0.000000
4111.831543 0.000000 2715.421875 0.000000 0.967855 0.000000 -0.251510 0.000000 0.000000 0.000000
4113.664551 0.000000 2717.906006 0.000000 0.918261 0.000000 -0.395976 0.000000 0.000000 0.000000
4132.575195 0.000000 2713.638916 0.000000 0.934347 0.000000 0.356365 1.000000 1.000000 1.000000
4176.971680 0.000000 2760.427002 0.000000 0.889223 0.000000 -0.457473 1.000000 1.000000 1.000000
4174.875488 0.000000 2756.011963 0.000000 0.966209 0.000000 -0.257761 0.000000 0.000000 0.000000
4168.908691 0.000000 2757.149902 0.000000 0.999866 0.000000 -0.016360 1.000000 1.000000 1.000000
4181.502930 0.000000 2759.569092 0.000000 0.967892 0.000000 0.251365 1.000000 1.000000 1.000000
4183.836426 0.000000 2761.862793 0.000000 0.917953 0.000000 0.396689 1.000000 1.000000 1.000000
4193.099609 0.000000 2745.199707 0.000000 0.954837 0.000000 -0.297129 1.000000 1.000000 1.000000
4207.537109 0.000000 2738.378418 0.000000 0.895811 0.000000 -0.444436 0.000000 0.000000 0.000000
4177.722656 0.000000 2763.427246 0.000000 0.913696 0.000000 0.406397 0.000000 0.000000 0.000000
4181.934570 0.000000 2766.062012 0.000000 0.960803 0.000000 0.277233 0.000000 0.000000 0.000000
4199.591309 0.000000 2753.085938 0.000000 0.992596 0.000000 0.121459 0.000000 0.000000 0.000000
4204.127930 0.000000 2738.691406 0.000000 0.994960 0.000000 -0.100268 0.000000 0.000000 0.000000
4183.935547 0.000000 2748.305176 0.000000 0.999685 0.000000 -0.025106 1.000000 1.000000 1.000000
4274.789551 0.000000 2723.337402 0.000000 0.999573 0.000000 0.029234 1.000000 1.000000 1.000000
"}
object={
	name="french_dynamic_mining_objects_generator_1_2"
	clamp_to_water_level=no
	render_under_water=no
	generated_content=yes
	layer="mines_dynamic"
	pdxmesh="french_mining_quarry_03_mesh"
	count=104
	transform="4090.544434 0.000000 2638.704346 0.000000 0.771337 0.000000 -0.636427 0.000000 0.000000 0.000000
4094.419189 0.000000 2640.428467 0.000000 0.479356 0.000000 -0.877621 0.000000 0.000000 0.000000
4091.001221 0.000000 2636.082275 0.000000 0.175763 0.000000 -0.984432 0.000000 0.000000 0.000000
4024.315674 0.000000 2691.774658 0.000000 0.459049 0.000000 -0.888411 0.000000 0.000000 0.000000
4030.419189 0.000000 2696.912842 0.000000 0.645238 0.000000 -0.763981 1.000000 1.000000 1.000000
4023.060791 0.000000 2696.365234 0.000000 0.532488 0.000000 -0.846437 0.000000 0.000000 0.000000
4019.634277 0.000000 2697.493408 0.000000 0.749075 0.000000 -0.662485 0.000000 0.000000 0.000000
4031.697998 0.000000 2699.489746 0.000000 0.428174 0.000000 -0.903696 1.000000 1.000000 1.000000
4032.255127 0.000000 2701.906494 0.000000 0.640078 0.000000 -0.768310 0.000000 0.000000 0.000000
4050.230469 0.000000 2692.801270 0.000000 0.476416 0.000000 -0.879220 0.000000 0.000000 0.000000
4035.510986 0.000000 2701.693604 0.000000 0.691835 0.000000 -0.722056 0.000000 0.000000 0.000000
4038.056885 0.000000 2699.703369 0.000000 0.264426 0.000000 -0.964406 1.000000 1.000000 1.000000
4046.604980 0.000000 2702.342529 0.000000 0.029217 0.000000 -0.999573 0.000000 0.000000 0.000000
4048.716797 0.000000 2686.863525 0.000000 0.119258 0.000000 -0.992863 0.000000 0.000000 0.000000
4075.601562 0.000000 2707.665771 0.000000 0.608589 0.000000 -0.793486 0.000000 0.000000 0.000000
4033.118652 0.000000 2699.495850 0.000000 0.406875 0.000000 -0.913484 1.000000 1.000000 1.000000
4090.385010 0.000000 2713.842041 0.000000 0.472896 0.000000 -0.881118 0.000000 0.000000 0.000000
4064.448975 0.000000 2737.245361 0.000000 0.259140 0.000000 -0.965840 0.000000 0.000000 0.000000
4080.746582 0.000000 2714.487549 0.000000 0.649792 0.000000 -0.760112 0.000000 0.000000 0.000000
4068.759766 0.000000 2732.626221 0.000000 0.131233 0.000000 -0.991352 1.000000 1.000000 1.000000
4065.411865 0.000000 2726.207031 0.000000 0.788105 0.000000 -0.615541 0.000000 0.000000 0.000000
4073.128906 0.000000 2732.115723 0.000000 0.593082 0.000000 -0.805142 1.000000 1.000000 1.000000
4152.473633 0.000000 2549.927734 0.000000 0.717812 0.000000 -0.696237 0.000000 0.000000 0.000000
4180.968750 0.000000 2593.921875 0.000000 0.352687 0.000000 -0.935741 0.000000 0.000000 0.000000
4185.505859 0.000000 2595.568604 0.000000 0.388243 0.000000 -0.921557 1.000000 1.000000 1.000000
4222.419434 0.000000 2583.944092 0.000000 0.184138 0.000000 -0.982900 0.000000 0.000000 0.000000
4189.392090 0.000000 2586.470215 0.000000 0.482762 0.000000 -0.875751 1.000000 1.000000 1.000000
4183.836426 0.000000 2592.409668 0.000000 0.349880 0.000000 -0.936795 0.000000 0.000000 0.000000
4231.979980 0.000000 2583.932129 0.000000 0.189049 0.000000 -0.981968 0.000000 0.000000 0.000000
4224.009766 0.000000 2583.989502 0.000000 0.192801 0.000000 -0.981238 1.000000 1.000000 1.000000
4233.604492 0.000000 2569.251221 0.000000 0.513334 0.000000 -0.858189 0.000000 0.000000 0.000000
4243.991699 0.000000 2575.024414 0.000000 0.400236 0.000000 -0.916412 0.000000 0.000000 0.000000
4244.984863 0.000000 2578.994873 0.000000 0.829758 0.000000 -0.558124 1.000000 1.000000 1.000000
4230.395508 0.000000 2571.852539 0.000000 0.517664 0.000000 -0.855584 0.000000 0.000000 0.000000
4234.329590 0.000000 2566.501465 0.000000 0.665424 0.000000 -0.746465 0.000000 0.000000 0.000000
4103.671387 0.000000 2623.137695 0.000000 0.108333 0.000000 -0.994115 1.000000 1.000000 1.000000
4107.941895 0.000000 2640.085205 0.000000 0.799645 0.000000 -0.600473 0.000000 0.000000 0.000000
4109.506836 0.000000 2634.095703 0.000000 0.574028 0.000000 -0.818836 1.000000 1.000000 1.000000
4113.939453 0.000000 2640.076904 0.000000 0.515580 0.000000 -0.856842 0.000000 0.000000 0.000000
4105.866211 0.000000 2637.353516 0.000000 0.758089 0.000000 -0.652151 1.000000 1.000000 1.000000
4107.406250 0.000000 2631.352051 0.000000 0.513421 0.000000 -0.858137 0.000000 0.000000 0.000000
4137.676758 0.000000 2616.348145 0.000000 0.058580 0.000000 -0.998283 1.000000 1.000000 1.000000
4108.526855 0.000000 2621.327148 0.000000 0.609718 0.000000 -0.792619 1.000000 1.000000 1.000000
4140.194824 0.000000 2610.358643 0.000000 0.525448 0.000000 -0.850826 0.000000 0.000000 0.000000
4115.991699 0.000000 2631.508789 0.000000 0.822098 0.000000 -0.569346 0.000000 0.000000 0.000000
4129.448730 0.000000 2621.578125 0.000000 0.057504 0.000000 -0.998345 0.000000 0.000000 0.000000
4109.099609 0.000000 2618.057861 0.000000 0.792134 0.000000 -0.610347 1.000000 1.000000 1.000000
4120.795410 0.000000 2626.193359 0.000000 0.235981 0.000000 -0.971758 0.000000 0.000000 0.000000
4140.352051 0.000000 2615.542236 0.000000 0.712012 0.000000 -0.702167 0.000000 0.000000 0.000000
4119.408203 0.000000 2610.119385 0.000000 0.757785 0.000000 -0.652504 1.000000 1.000000 1.000000
4103.408691 0.000000 2616.118652 0.000000 0.548564 0.000000 -0.836108 1.000000 1.000000 1.000000
4152.473633 0.000000 2606.412109 0.000000 0.367657 0.000000 -0.929961 1.000000 1.000000 1.000000
4112.716797 0.000000 2630.379150 0.000000 0.821487 0.000000 -0.570227 0.000000 0.000000 0.000000
4106.329590 0.000000 2622.985840 0.000000 0.274852 0.000000 -0.961486 0.000000 0.000000 0.000000
4118.077637 0.000000 2615.455811 0.000000 0.722233 0.000000 -0.691650 0.000000 0.000000 0.000000
4107.442871 0.000000 2616.089844 0.000000 0.800276 0.000000 -0.599631 1.000000 1.000000 1.000000
4137.128906 0.000000 2619.146973 0.000000 0.709378 0.000000 -0.704829 1.000000 1.000000 1.000000
4114.128418 0.000000 2619.042969 0.000000 0.577575 0.000000 -0.816338 0.000000 0.000000 0.000000
4120.535645 0.000000 2614.636230 0.000000 0.808102 0.000000 -0.589042 1.000000 1.000000 1.000000
4111.870117 0.000000 2635.104004 0.000000 0.742994 0.000000 -0.669298 1.000000 1.000000 1.000000
4115.362793 0.000000 2626.269043 0.000000 0.601619 0.000000 -0.798783 1.000000 1.000000 1.000000
4120.077637 0.000000 2607.677734 0.000000 0.276454 0.000000 -0.961027 1.000000 1.000000 1.000000
4185.505859 0.000000 2652.052979 0.000000 0.507540 0.000000 -0.861628 0.000000 0.000000 0.000000
4219.100586 0.000000 2608.374023 0.000000 0.447938 0.000000 -0.894065 1.000000 1.000000 1.000000
4161.451660 0.000000 2607.673584 0.000000 0.281864 0.000000 -0.959454 0.000000 0.000000 0.000000
4199.299805 0.000000 2644.660645 0.000000 0.816451 0.000000 -0.577415 1.000000 1.000000 1.000000
4220.013184 0.000000 2613.145996 0.000000 0.134064 0.000000 -0.990973 0.000000 0.000000 0.000000
4195.689941 0.000000 2649.882812 0.000000 0.827042 0.000000 -0.562140 1.000000 1.000000 1.000000
4119.191895 0.000000 2700.656250 0.000000 0.481728 0.000000 -0.876321 0.000000 0.000000 0.000000
4115.443848 0.000000 2704.685303 0.000000 0.568997 0.000000 -0.822340 0.000000 0.000000 0.000000
4183.491699 0.000000 2655.397217 0.000000 0.354539 0.000000 -0.935041 0.000000 0.000000 0.000000
4189.020508 0.000000 2667.595947 0.000000 0.859991 0.000000 -0.510309 0.000000 0.000000 0.000000
4180.994629 0.000000 2657.318359 0.000000 0.780639 0.000000 -0.624982 0.000000 0.000000 0.000000
4190.608887 0.000000 2660.305176 0.000000 0.319064 0.000000 -0.947733 1.000000 1.000000 1.000000
4189.958984 0.000000 2664.966064 0.000000 0.852429 0.000000 -0.522843 0.000000 0.000000 0.000000
4193.491699 0.000000 2660.660889 0.000000 0.786466 0.000000 -0.617634 0.000000 0.000000 0.000000
4217.460938 0.000000 2654.868896 0.000000 0.727576 0.000000 -0.686027 1.000000 1.000000 1.000000
4203.690430 0.000000 2658.329590 0.000000 0.810835 0.000000 -0.585275 1.000000 1.000000 1.000000
4197.463867 0.000000 2662.371094 0.000000 0.812732 0.000000 -0.582637 1.000000 1.000000 1.000000
4232.667480 0.000000 2603.060547 0.000000 0.683504 0.000000 -0.729947 0.000000 0.000000 0.000000
4224.042480 0.000000 2598.288574 0.000000 0.132373 0.000000 -0.991200 0.000000 0.000000 0.000000
4230.363770 0.000000 2607.793945 0.000000 0.742663 0.000000 -0.669665 1.000000 1.000000 1.000000
4122.122559 0.000000 2722.058350 0.000000 0.193704 0.000000 -0.981060 0.000000 0.000000 0.000000
4114.190430 0.000000 2720.772217 0.000000 0.154777 0.000000 -0.987949 0.000000 0.000000 0.000000
4122.987305 0.000000 2711.338867 0.000000 0.841415 0.000000 -0.540389 0.000000 0.000000 0.000000
4119.068359 0.000000 2715.761230 0.000000 0.216446 0.000000 -0.976294 1.000000 1.000000 1.000000
4129.491699 0.000000 2717.145264 0.000000 0.580272 0.000000 -0.814423 0.000000 0.000000 0.000000
4114.498535 0.000000 2715.068115 0.000000 0.077353 0.000000 -0.997004 0.000000 0.000000 0.000000
4171.959473 0.000000 2759.740967 0.000000 0.028293 0.000000 -0.999600 1.000000 1.000000 1.000000
4177.256836 0.000000 2745.964844 0.000000 0.716613 0.000000 -0.697471 0.000000 0.000000 0.000000
4164.957520 0.000000 2751.097168 0.000000 0.850189 0.000000 -0.526478 0.000000 0.000000 0.000000
4178.230469 0.000000 2749.285645 0.000000 0.082606 0.000000 -0.996582 1.000000 1.000000 1.000000
4189.422852 0.000000 2749.801758 0.000000 0.773816 0.000000 -0.633410 0.000000 0.000000 0.000000
4177.360840 0.000000 2757.410400 0.000000 0.099343 0.000000 -0.995053 0.000000 0.000000 0.000000
4218.637207 0.000000 2738.183594 0.000000 0.859385 0.000000 -0.511329 1.000000 1.000000 1.000000
4174.650879 0.000000 2761.590820 0.000000 0.034237 0.000000 -0.999414 1.000000 1.000000 1.000000
4204.051758 0.000000 2743.344238 0.000000 0.738838 0.000000 -0.673883 1.000000 1.000000 1.000000
4274.842773 0.000000 2729.119873 0.000000 0.348905 0.000000 -0.937158 0.000000 0.000000 0.000000
4268.083496 0.000000 2731.311035 0.000000 0.245238 0.000000 -0.969463 0.000000 0.000000 0.000000
4271.663086 0.000000 2721.261963 0.000000 0.384775 0.000000 -0.923010 0.000000 0.000000 0.000000
4276.014648 0.000000 2720.093262 0.000000 0.842731 0.000000 -0.538335 0.000000 0.000000 0.000000
4224.894531 0.000000 2741.550049 0.000000 0.756642 0.000000 -0.653830 0.000000 0.000000 0.000000
4265.676758 0.000000 2729.316895 0.000000 0.844480 0.000000 -0.535587 0.000000 0.000000 0.000000
4277.566895 0.000000 2723.712158 0.000000 0.525688 0.000000 -0.850677 0.000000 0.000000 0.000000
"}
