object={
	name="french_dynamic_forestry_objects_generator_2_0"
	clamp_to_water_level=no
	render_under_water=no
	generated_content=yes
	layer="forestry_dynamic"
	pdxmesh="generic_forestry_lumberpile_02_mesh"
	count=313
	transform="4073.385498 0.000000 2574.715088 0.000000 0.138222 0.000000 0.990401 0.500000 0.500000 0.500000
4076.051758 0.000000 2573.891113 0.000000 0.552466 0.000000 -0.833535 0.500000 0.500000 0.500000
4095.510498 0.000000 2566.533691 0.000000 0.818660 0.000000 -0.574278 0.500000 0.500000 0.500000
4075.765381 0.000000 2571.081055 0.000000 0.089597 0.000000 -0.995978 1.000000 1.000000 1.000000
4089.384521 0.000000 2654.532959 0.000000 0.985932 0.000000 0.167145 0.620915 0.620915 0.620915
4023.107910 0.000000 2699.967041 0.000000 0.016778 0.000000 -0.999859 0.500000 0.500000 0.500000
4025.910400 0.000000 2702.716553 0.000000 0.840886 0.000000 -0.541212 0.500000 0.500000 0.500000
4012.412598 0.000000 2697.039307 0.000000 0.747759 0.000000 -0.663970 0.500000 0.500000 0.500000
4023.062500 0.000000 2705.783203 0.000000 0.110548 0.000000 -0.993871 0.500000 0.500000 0.500000
4021.861084 0.000000 2702.832031 0.000000 0.907212 0.000000 0.420674 1.000000 1.000000 1.000000
4017.129150 0.000000 2705.171631 0.000000 0.631407 0.000000 0.775452 0.500000 0.500000 0.500000
4018.103760 0.000000 2703.098633 0.000000 0.999856 0.000000 0.016948 0.745098 0.745098 0.745098
4023.867676 0.000000 2701.997314 0.000000 0.773392 0.000000 -0.633928 0.777778 0.777778 0.777778
4027.003418 0.000000 2700.775391 0.000000 0.428857 0.000000 0.903372 0.947713 0.947713 0.947713
4021.449463 0.000000 2704.657227 0.000000 0.329387 0.000000 -0.944195 1.000000 1.000000 1.000000
4023.431885 0.000000 2703.849365 0.000000 0.461359 0.000000 -0.887214 1.000000 1.000000 1.000000
4020.072754 0.000000 2703.268799 0.000000 0.091912 0.000000 0.995767 1.000000 1.000000 1.000000
4053.705078 0.000000 2681.633301 0.000000 0.578192 0.000000 0.815901 0.500000 0.500000 0.500000
4060.793701 0.000000 2657.607422 0.000000 0.140118 0.000000 -0.990135 0.500000 0.500000 0.500000
4065.210205 0.000000 2699.638916 0.000000 0.916799 0.000000 0.399350 0.500000 0.500000 0.500000
4086.173828 0.000000 2660.949951 0.000000 0.380974 0.000000 -0.924586 0.562092 0.562092 0.562092
4094.270020 0.000000 2659.197021 0.000000 0.113616 0.000000 -0.993525 0.500000 0.500000 0.500000
4090.385010 0.000000 2657.357666 0.000000 0.946086 0.000000 0.323916 1.000000 1.000000 1.000000
4073.677002 0.000000 2672.832520 0.000000 0.960606 0.000000 0.277913 1.000000 1.000000 1.000000
4082.798096 0.000000 2691.446777 0.000000 0.994890 0.000000 -0.100964 0.500000 0.500000 0.500000
4067.200439 0.000000 2667.562500 0.000000 0.872115 0.000000 -0.489301 0.500000 0.500000 0.500000
4068.029297 0.000000 2673.318359 0.000000 0.718914 0.000000 -0.695099 0.500000 0.500000 0.500000
4076.352051 0.000000 2672.026611 0.000000 0.920748 0.000000 0.390157 1.000000 1.000000 1.000000
4043.616455 0.000000 2684.106689 0.000000 0.832135 0.000000 0.554574 0.500000 0.500000 0.500000
4085.566895 0.000000 2667.227783 0.000000 0.694512 0.000000 0.719481 1.000000 1.000000 1.000000
4088.639160 0.000000 2659.738037 0.000000 0.404333 0.000000 0.914612 1.000000 1.000000 1.000000
4089.460693 0.000000 2654.868896 0.000000 0.867758 0.000000 -0.496987 0.620915 0.620915 0.620915
4070.385986 0.000000 2671.610596 0.000000 0.605366 0.000000 -0.795947 0.614379 0.614379 0.614379
4093.251953 0.000000 2661.580078 0.000000 0.983485 0.000000 -0.180990 1.000000 1.000000 1.000000
4091.739258 0.000000 2659.272217 0.000000 0.932089 0.000000 0.362229 1.000000 1.000000 1.000000
4075.596436 0.000000 2703.307129 0.000000 0.409417 0.000000 -0.912347 0.500000 0.500000 0.500000
4086.385498 0.000000 2658.674561 0.000000 0.988540 0.000000 0.150958 0.575163 0.575163 0.575163
4092.727539 0.000000 2657.260010 0.000000 0.845344 0.000000 0.534223 1.000000 1.000000 1.000000
4087.794922 0.000000 2667.771729 0.000000 0.995881 0.000000 0.090670 0.967320 0.967320 0.967320
4081.315186 0.000000 2697.463867 0.000000 0.997774 0.000000 -0.066693 0.500000 0.500000 0.500000
4071.465576 0.000000 2664.651367 0.000000 0.515172 0.000000 0.857087 0.718954 0.718954 0.718954
4079.085449 0.000000 2693.593750 0.000000 0.702485 0.000000 -0.711698 0.500000 0.500000 0.500000
4081.424561 0.000000 2693.182129 0.000000 0.966843 0.000000 -0.255371 0.915033 0.915033 0.915033
4077.747070 0.000000 2703.457275 0.000000 0.999665 0.000000 0.025880 0.862745 0.862745 0.862745
4088.246338 0.000000 2657.622559 0.000000 0.007440 0.000000 -0.999972 1.000000 1.000000 1.000000
4079.135498 0.000000 2670.821777 0.000000 0.490959 0.000000 -0.871182 0.549020 0.549020 0.549020
4071.104736 0.000000 2666.659180 0.000000 0.354800 0.000000 0.934942 0.725490 0.725490 0.725490
4081.324707 0.000000 2690.362793 0.000000 0.762371 0.000000 0.647140 0.895425 0.895425 0.895425
4131.765137 0.000000 2567.644043 0.000000 0.572252 0.000000 0.820078 0.500000 0.500000 0.500000
4128.449219 0.000000 2567.792236 0.000000 0.987657 0.000000 -0.156634 0.500000 0.500000 0.500000
4143.537109 0.000000 2568.925293 0.000000 0.641611 0.000000 0.767030 1.000000 1.000000 1.000000
4147.016113 0.000000 2562.647949 0.000000 0.957744 0.000000 0.287621 1.000000 1.000000 1.000000
4115.991699 0.000000 2575.024414 0.000000 0.854832 0.000000 -0.518905 0.614379 0.614379 0.614379
4134.581055 0.000000 2576.921387 0.000000 0.422046 0.000000 0.906574 0.823530 0.823530 0.823530
4129.448730 0.000000 2565.093750 0.000000 0.411902 0.000000 -0.911228 0.856209 0.856209 0.856209
4124.380371 0.000000 2596.647217 0.000000 0.788866 0.000000 -0.614566 0.954248 0.954248 0.954248
4134.469727 0.000000 2568.390869 0.000000 0.358291 0.000000 -0.933610 1.000000 1.000000 1.000000
4135.299805 0.000000 2588.176270 0.000000 0.890389 0.000000 -0.455200 0.647059 0.647059 0.647059
4135.591309 0.000000 2583.632812 0.000000 0.438955 0.000000 -0.898509 0.500000 0.500000 0.500000
4140.127930 0.000000 2569.238281 0.000000 0.862761 0.000000 -0.505612 1.000000 1.000000 1.000000
4129.910645 0.000000 2584.119629 0.000000 0.504574 0.000000 0.863369 1.000000 1.000000 1.000000
4131.689941 0.000000 2593.398438 0.000000 0.241836 0.000000 0.970317 0.500000 0.500000 0.500000
4145.394043 0.000000 2567.126709 0.000000 0.301218 0.000000 0.953555 1.000000 1.000000 1.000000
4130.111328 0.000000 2573.412109 0.000000 0.863827 0.000000 -0.503788 0.555556 0.555556 0.555556
4124.928223 0.000000 2559.677002 0.000000 0.010342 0.000000 0.999947 0.594771 0.594771 0.594771
4158.390625 0.000000 2597.557373 0.000000 0.641897 0.000000 0.766791 0.562092 0.562092 0.562092
4122.245605 0.000000 2560.308838 0.000000 0.690145 0.000000 0.723671 0.500000 0.500000 0.500000
4144.587891 0.000000 2562.050049 0.000000 0.196947 0.000000 0.980414 1.000000 1.000000 1.000000
4150.180664 0.000000 2565.646973 0.000000 0.129338 0.000000 -0.991601 1.000000 1.000000 1.000000
4132.144531 0.000000 2590.758301 0.000000 0.764880 0.000000 0.644173 0.888889 0.888889 0.888889
4127.373535 0.000000 2585.229980 0.000000 0.746737 0.000000 -0.665119 0.830065 0.830065 0.830065
4127.888672 0.000000 2563.341064 0.000000 0.929624 0.000000 0.368510 0.882353 0.882353 0.882353
4113.493164 0.000000 2585.769775 0.000000 0.958910 0.000000 -0.283710 0.500000 0.500000 0.500000
4134.962402 0.000000 2585.976807 0.000000 0.362352 0.000000 -0.932041 0.500000 0.500000 0.500000
4138.219238 0.000000 2588.011475 0.000000 0.848847 0.000000 -0.528638 0.692811 0.692811 0.692811
4132.682129 0.000000 2565.586182 0.000000 0.969292 0.000000 -0.245914 0.500000 0.500000 0.500000
4136.179688 0.000000 2569.981445 0.000000 0.892392 0.000000 0.451261 1.000000 1.000000 1.000000
4132.916016 0.000000 2569.859375 0.000000 0.504113 0.000000 0.863638 0.614379 0.614379 0.614379
4143.448242 0.000000 2566.304443 0.000000 0.408728 0.000000 0.912656 1.000000 1.000000 1.000000
4135.167969 0.000000 2590.266846 0.000000 0.627057 0.000000 0.778973 1.000000 1.000000 1.000000
4125.739258 0.000000 2563.260010 0.000000 0.494255 0.000000 -0.869317 1.000000 1.000000 1.000000
4126.716309 0.000000 2588.034912 0.000000 0.850662 0.000000 -0.525714 0.803922 0.803922 0.803922
4136.688965 0.000000 2566.197266 0.000000 0.890401 0.000000 0.455177 1.000000 1.000000 1.000000
4136.284180 0.000000 2580.263428 0.000000 0.995930 0.000000 0.090131 1.000000 1.000000 1.000000
4136.389160 0.000000 2595.427246 0.000000 0.783706 0.000000 0.621132 1.000000 1.000000 1.000000
4134.819824 0.000000 2594.048584 0.000000 0.579877 0.000000 -0.814704 0.575163 0.575163 0.575163
4144.914551 0.000000 2558.980469 0.000000 0.014930 0.000000 0.999889 0.875817 0.875817 0.875817
4139.311523 0.000000 2566.944580 0.000000 0.854097 0.000000 -0.520115 1.000000 1.000000 1.000000
4146.490723 0.000000 2564.586426 0.000000 0.663730 0.000000 -0.747972 1.000000 1.000000 1.000000
4148.393066 0.000000 2564.190430 0.000000 0.934494 0.000000 0.355979 1.000000 1.000000 1.000000
4130.967773 0.000000 2576.539551 0.000000 0.306723 0.000000 -0.951799 0.790850 0.790850 0.790850
4143.250488 0.000000 2570.777832 0.000000 0.853761 0.000000 0.520665 1.000000 1.000000 1.000000
4135.147461 0.000000 2578.700195 0.000000 0.085566 0.000000 -0.996332 1.000000 1.000000 1.000000
4136.388184 0.000000 2591.798584 0.000000 0.994149 0.000000 -0.108020 1.000000 1.000000 1.000000
4135.039551 0.000000 2581.958496 0.000000 0.832328 0.000000 -0.554284 1.000000 1.000000 1.000000
4133.294434 0.000000 2586.752930 0.000000 0.982512 0.000000 -0.186198 1.000000 1.000000 1.000000
4138.442383 0.000000 2569.847656 0.000000 0.946790 0.000000 0.321851 1.000000 1.000000 1.000000
4133.379395 0.000000 2578.683594 0.000000 0.567806 0.000000 0.823162 1.000000 1.000000 1.000000
4132.830078 0.000000 2576.724609 0.000000 0.833684 0.000000 -0.552242 1.000000 1.000000 1.000000
4144.891113 0.000000 2570.170898 0.000000 0.082345 0.000000 -0.996604 0.869281 0.869281 0.869281
4129.128418 0.000000 2582.560059 0.000000 0.009586 0.000000 0.999954 0.973856 0.973856 0.973856
4141.839355 0.000000 2568.482666 0.000000 0.456336 0.000000 -0.889808 1.000000 1.000000 1.000000
4135.989746 0.000000 2567.700684 0.000000 0.875135 0.000000 0.483878 1.000000 1.000000 1.000000
4208.205566 0.000000 2598.255615 0.000000 0.195702 0.000000 -0.980663 0.500000 0.500000 0.500000
4097.451172 0.000000 2610.456787 0.000000 0.230600 0.000000 0.973049 0.500000 0.500000 0.500000
4103.979980 0.000000 2640.416504 0.000000 0.992841 0.000000 0.119447 0.500000 0.500000 0.500000
4157.248047 0.000000 2644.283203 0.000000 0.185285 0.000000 0.982685 0.500000 0.500000 0.500000
4102.330566 0.000000 2610.378174 0.000000 0.993918 0.000000 -0.110126 0.500000 0.500000 0.500000
4110.875488 0.000000 2643.043213 0.000000 0.996061 0.000000 0.088675 0.500000 0.500000 0.500000
4099.505371 0.000000 2641.707520 0.000000 0.161551 0.000000 0.986864 0.500000 0.500000 0.500000
4150.864258 0.000000 2653.279785 0.000000 0.773900 0.000000 -0.633307 1.000000 1.000000 1.000000
4104.908691 0.000000 2644.181152 0.000000 0.860720 0.000000 0.509078 0.500000 0.500000 0.500000
4153.910645 0.000000 2646.232178 0.000000 0.671231 0.000000 0.741248 0.588235 0.588235 0.588235
4154.305176 0.000000 2642.262695 0.000000 0.145114 0.000000 -0.989415 0.500000 0.500000 0.500000
4151.062500 0.000000 2649.298828 0.000000 0.886968 0.000000 -0.461831 0.503268 0.503268 0.503268
4137.967773 0.000000 2628.099121 0.000000 0.049593 0.000000 -0.998770 0.500000 0.500000 0.500000
4149.860840 0.000000 2646.347656 0.000000 0.995613 0.000000 0.093572 1.000000 1.000000 1.000000
4146.798340 0.000000 2634.962402 0.000000 0.660595 0.000000 0.750742 0.797386 0.797386 0.797386
4110.604980 0.000000 2645.858154 0.000000 0.958528 0.000000 0.284999 0.816994 0.816994 0.816994
4124.947754 0.000000 2628.353027 0.000000 0.614398 0.000000 -0.788996 0.500000 0.500000 0.500000
4104.614258 0.000000 2611.810059 0.000000 0.306457 0.000000 -0.951885 0.500000 0.500000 0.500000
4116.984863 0.000000 2635.479248 0.000000 0.746718 0.000000 -0.665140 0.500000 0.500000 0.500000
4134.646484 0.000000 2630.438477 0.000000 0.642053 0.000000 0.766660 0.790850 0.790850 0.790850
4140.051758 0.000000 2630.375488 0.000000 0.883953 0.000000 0.467576 1.000000 1.000000 1.000000
4145.394043 0.000000 2623.611084 0.000000 0.969416 0.000000 -0.245424 0.555556 0.555556 0.555556
4142.693848 0.000000 2630.339844 0.000000 0.957377 0.000000 -0.288841 1.000000 1.000000 1.000000
4119.339844 0.000000 2630.688721 0.000000 0.971517 0.000000 -0.236969 0.500000 0.500000 0.500000
4119.935547 0.000000 2635.336426 0.000000 0.252938 0.000000 0.967483 0.882353 0.882353 0.882353
4148.706543 0.000000 2654.596680 0.000000 0.963059 0.000000 -0.269291 1.000000 1.000000 1.000000
4149.005371 0.000000 2650.476562 0.000000 0.703218 0.000000 -0.710974 0.594771 0.594771 0.594771
4145.129395 0.000000 2648.687256 0.000000 0.993305 0.000000 0.115522 1.000000 1.000000 1.000000
4152.630371 0.000000 2651.736328 0.000000 0.600928 0.000000 -0.799303 0.500000 0.500000 0.500000
4142.880859 0.000000 2648.816895 0.000000 0.298319 0.000000 -0.954466 0.993464 0.993464 0.993464
4149.789062 0.000000 2641.725098 0.000000 0.013576 0.000000 -0.999908 1.000000 1.000000 1.000000
4145.424316 0.000000 2636.697754 0.000000 0.585514 0.000000 0.810663 0.500000 0.500000 0.500000
4145.031738 0.000000 2644.619873 0.000000 0.997582 0.000000 0.069505 1.000000 1.000000 1.000000
4145.262695 0.000000 2652.842285 0.000000 0.154636 0.000000 -0.987972 0.500000 0.500000 0.500000
4146.103516 0.000000 2646.614258 0.000000 0.734993 0.000000 -0.678075 1.000000 1.000000 1.000000
4151.867676 0.000000 2645.512939 0.000000 0.997110 0.000000 0.075969 1.000000 1.000000 1.000000
4141.747070 0.000000 2646.972900 0.000000 0.861739 0.000000 -0.507351 0.751634 0.751634 0.751634
4143.436035 0.000000 2633.002686 0.000000 0.089834 0.000000 0.995957 1.000000 1.000000 1.000000
4155.003418 0.000000 2644.291016 0.000000 0.466755 0.000000 0.884387 0.869281 0.869281 0.869281
4139.060059 0.000000 2632.414795 0.000000 0.385774 0.000000 -0.922594 0.607843 0.607843 0.607843
4146.394043 0.000000 2650.403076 0.000000 0.976272 0.000000 0.216550 0.986928 0.986928 0.986928
4146.216309 0.000000 2642.826172 0.000000 0.978237 0.000000 0.207490 1.000000 1.000000 1.000000
4149.101074 0.000000 2643.606689 0.000000 0.334126 0.000000 -0.942528 1.000000 1.000000 1.000000
4149.007812 0.000000 2639.431641 0.000000 0.997709 0.000000 0.067652 0.967320 0.967320 0.967320
4147.318359 0.000000 2631.922607 0.000000 0.956240 0.000000 -0.292583 1.000000 1.000000 1.000000
4153.007324 0.000000 2643.941895 0.000000 0.956892 0.000000 -0.290445 0.908497 0.908497 0.908497
4106.618164 0.000000 2611.825684 0.000000 0.695669 0.000000 -0.718362 0.640523 0.640523 0.640523
4143.350098 0.000000 2653.024414 0.000000 0.955183 0.000000 -0.296017 0.856209 0.856209 0.856209
4149.449707 0.000000 2648.172852 0.000000 0.342882 0.000000 0.939378 1.000000 1.000000 1.000000
4151.432129 0.000000 2647.364990 0.000000 0.353995 0.000000 0.935247 1.000000 1.000000 1.000000
4145.909180 0.000000 2630.122559 0.000000 0.995679 0.000000 -0.092865 1.000000 1.000000 1.000000
4151.893555 0.000000 2641.786133 0.000000 0.905249 0.000000 -0.424882 0.954248 0.954248 0.954248
4145.324707 0.000000 2633.878418 0.000000 0.108550 0.000000 -0.994091 1.000000 1.000000 1.000000
4148.072754 0.000000 2646.784424 0.000000 0.115650 0.000000 -0.993290 1.000000 1.000000 1.000000
4139.722656 0.000000 2653.604492 0.000000 0.270992 0.000000 0.962582 0.993464 0.993464 0.993464
4161.318848 0.000000 2637.169678 0.000000 0.603613 0.000000 0.797278 0.500000 0.500000 0.500000
4164.458496 0.000000 2652.747314 0.000000 0.360893 0.000000 -0.932607 0.500000 0.500000 0.500000
4167.671387 0.000000 2623.137695 0.000000 0.980730 0.000000 -0.195368 0.500000 0.500000 0.500000
4174.873047 0.000000 2606.328369 0.000000 0.738366 0.000000 -0.674400 0.588235 0.588235 0.588235
4166.215332 0.000000 2647.218994 0.000000 0.077578 0.000000 0.996986 0.500000 0.500000 0.500000
4172.552734 0.000000 2624.475342 0.000000 0.243069 0.000000 0.970009 0.500000 0.500000 0.500000
4174.875488 0.000000 2643.043213 0.000000 0.952035 0.000000 0.305991 0.500000 0.500000 0.500000
4178.817383 0.000000 2628.725098 0.000000 0.955339 0.000000 0.295511 0.500000 0.500000 0.500000
4197.098633 0.000000 2641.152344 0.000000 0.693476 0.000000 0.720480 0.500000 0.500000 0.500000
4168.908691 0.000000 2644.181152 0.000000 0.925804 0.000000 -0.378003 0.500000 0.500000 0.500000
4175.197266 0.000000 2609.914062 0.000000 0.955255 0.000000 0.295785 0.500000 0.500000 0.500000
4192.449219 0.000000 2624.276611 0.000000 0.540532 0.000000 -0.841324 1.000000 1.000000 1.000000
4163.510742 0.000000 2645.209229 0.000000 0.782947 0.000000 -0.622088 0.500000 0.500000 0.500000
4171.486816 0.000000 2606.840820 0.000000 0.382936 0.000000 0.923775 0.500000 0.500000 0.500000
4215.819336 0.000000 2617.112061 0.000000 0.587525 0.000000 -0.809206 0.500000 0.500000 0.500000
4163.820801 0.000000 2612.086670 0.000000 0.847642 0.000000 0.530568 0.500000 0.500000 0.500000
4176.244141 0.000000 2627.479004 0.000000 0.772117 0.000000 0.635481 0.500000 0.500000 0.500000
4219.000977 0.000000 2636.082275 0.000000 0.870035 0.000000 -0.492990 0.500000 0.500000 0.500000
4213.428223 0.000000 2616.122559 0.000000 0.131581 0.000000 0.991305 0.500000 0.500000 0.500000
4194.111328 0.000000 2629.896484 0.000000 0.424723 0.000000 -0.905323 0.522876 0.522876 0.522876
4216.742188 0.000000 2628.175049 0.000000 0.982696 0.000000 -0.185225 0.692811 0.692811 0.692811
4192.330078 0.000000 2652.578613 0.000000 0.406390 0.000000 -0.913700 1.000000 1.000000 1.000000
4192.801270 0.000000 2626.596436 0.000000 0.832252 0.000000 0.554398 1.000000 1.000000 1.000000
4193.680176 0.000000 2654.108887 0.000000 0.999997 0.000000 -0.002610 1.000000 1.000000 1.000000
4194.177734 0.000000 2625.214355 0.000000 0.841099 0.000000 -0.540881 0.869281 0.869281 0.869281
4127.453613 0.000000 2671.495850 0.000000 0.928642 0.000000 0.370978 0.500000 0.500000 0.500000
4150.816895 0.000000 2656.016357 0.000000 0.434014 0.000000 -0.900906 0.500000 0.500000 0.500000
4157.248047 0.000000 2700.767578 0.000000 0.115059 0.000000 0.993359 0.500000 0.500000 0.500000
4151.531250 0.000000 2665.369385 0.000000 0.999674 0.000000 0.025537 0.500000 0.500000 0.500000
4102.330566 0.000000 2666.862549 0.000000 0.926016 0.000000 -0.377484 0.790850 0.790850 0.790850
4150.173828 0.000000 2660.949951 0.000000 0.859088 0.000000 -0.511828 0.500000 0.500000 0.500000
4140.412598 0.000000 2697.039307 0.000000 0.869141 0.000000 0.494565 0.500000 0.500000 0.500000
4154.305176 0.000000 2698.747070 0.000000 0.406780 0.000000 0.913526 1.000000 1.000000 1.000000
4157.611816 0.000000 2693.525391 0.000000 0.729912 0.000000 -0.683541 0.500000 0.500000 0.500000
4149.860840 0.000000 2702.832031 0.000000 0.184749 0.000000 0.982786 1.000000 1.000000 1.000000
4151.819336 0.000000 2673.596436 0.000000 0.096151 0.000000 -0.995367 0.500000 0.500000 0.500000
4140.194824 0.000000 2666.843018 0.000000 0.431408 0.000000 0.902157 0.500000 0.500000 0.500000
4126.608887 0.000000 2660.305176 0.000000 0.747542 0.000000 -0.664214 1.000000 1.000000 1.000000
4125.958984 0.000000 2664.966064 0.000000 0.984102 0.000000 0.177603 0.500000 0.500000 0.500000
4149.566895 0.000000 2667.227783 0.000000 0.933174 0.000000 0.359426 0.627451 0.627451 0.627451
4104.614258 0.000000 2668.294434 0.000000 0.650317 0.000000 0.759663 0.500000 0.500000 0.500000
4143.447754 0.000000 2667.451416 0.000000 0.945498 0.000000 0.325627 0.882353 0.882353 0.882353
4118.782715 0.000000 2662.069092 0.000000 0.988946 0.000000 0.148277 0.500000 0.500000 0.500000
4140.127930 0.000000 2682.207031 0.000000 0.888992 0.000000 -0.457923 0.647059 0.647059 0.647059
4155.000977 0.000000 2692.566650 0.000000 0.382427 0.000000 0.923986 0.500000 0.500000 0.500000
4139.095215 0.000000 2669.084229 0.000000 0.126914 0.000000 -0.991914 0.500000 0.500000 0.500000
4142.782227 0.000000 2696.829834 0.000000 0.998624 0.000000 -0.052440 0.500000 0.500000 0.500000
4149.005371 0.000000 2706.960938 0.000000 0.515116 0.000000 -0.857121 1.000000 1.000000 1.000000
4156.008301 0.000000 2697.042725 0.000000 0.691799 0.000000 0.722090 0.640523 0.640523 0.640523
4150.180664 0.000000 2678.615723 0.000000 0.694404 0.000000 0.719585 0.500000 0.500000 0.500000
4137.650879 0.000000 2664.052246 0.000000 0.799436 0.000000 -0.600751 1.000000 1.000000 1.000000
4145.129395 0.000000 2705.171631 0.000000 0.999943 0.000000 0.010687 1.000000 1.000000 1.000000
4148.657715 0.000000 2654.801758 0.000000 0.967050 0.000000 -0.254588 1.000000 1.000000 1.000000
4151.794922 0.000000 2667.771729 0.000000 0.111941 0.000000 -0.993715 0.784314 0.784314 0.784314
4142.671387 0.000000 2701.220215 0.000000 0.964263 0.000000 0.264947 1.000000 1.000000 1.000000
4145.314941 0.000000 2697.463867 0.000000 0.101499 0.000000 0.994836 0.738562 0.738562 0.738562
4142.880859 0.000000 2705.301270 0.000000 0.697890 0.000000 -0.716205 1.000000 1.000000 1.000000
4149.789062 0.000000 2698.209473 0.000000 0.599892 0.000000 -0.800081 1.000000 1.000000 1.000000
4145.031738 0.000000 2701.104248 0.000000 0.992389 0.000000 -0.123144 1.000000 1.000000 1.000000
4159.374512 0.000000 2694.861084 0.000000 0.342345 0.000000 -0.939574 1.000000 1.000000 1.000000
4146.103516 0.000000 2703.098633 0.000000 0.779727 0.000000 0.626120 1.000000 1.000000 1.000000
4141.465820 0.000000 2699.061523 0.000000 0.011461 0.000000 0.999934 1.000000 1.000000 1.000000
4151.867676 0.000000 2701.997314 0.000000 0.427706 0.000000 -0.903918 1.000000 1.000000 1.000000
4141.143066 0.000000 2655.067871 0.000000 0.979326 0.000000 -0.202288 0.500000 0.500000 0.500000
4136.179688 0.000000 2682.950195 0.000000 0.081564 0.000000 0.996668 0.738562 0.738562 0.738562
4141.747070 0.000000 2703.457275 0.000000 0.785961 0.000000 -0.618276 0.500000 0.500000 0.500000
4146.394043 0.000000 2706.887451 0.000000 0.209991 0.000000 0.977703 0.647059 0.647059 0.647059
4141.585449 0.000000 2665.198730 0.000000 0.300655 0.000000 -0.953733 1.000000 1.000000 1.000000
4136.199219 0.000000 2685.611572 0.000000 0.509423 0.000000 0.860516 0.705882 0.705882 0.705882
4136.688965 0.000000 2679.166016 0.000000 0.668851 0.000000 -0.743396 0.738562 0.738562 0.738562
4146.216309 0.000000 2699.310547 0.000000 0.959530 0.000000 0.281605 1.000000 1.000000 1.000000
4149.101074 0.000000 2700.091064 0.000000 0.991111 0.000000 -0.133036 1.000000 1.000000 1.000000
4146.709961 0.000000 2668.855469 0.000000 0.952419 0.000000 -0.304793 1.000000 1.000000 1.000000
4153.007324 0.000000 2700.426270 0.000000 0.994892 0.000000 -0.100945 1.000000 1.000000 1.000000
4153.360352 0.000000 2666.022217 0.000000 0.584472 0.000000 0.811414 0.888889 0.888889 0.888889
4156.454590 0.000000 2695.104736 0.000000 0.802439 0.000000 0.596734 1.000000 1.000000 1.000000
4147.561035 0.000000 2681.027588 0.000000 0.487901 0.000000 0.872899 0.764706 0.764706 0.764706
4150.302246 0.000000 2669.052979 0.000000 0.912267 0.000000 0.409597 0.954248 0.954248 0.954248
4146.516602 0.000000 2670.797119 0.000000 0.638180 0.000000 -0.769887 0.856209 0.856209 0.856209
4149.449707 0.000000 2704.657227 0.000000 0.600396 0.000000 0.799703 1.000000 1.000000 1.000000
4151.432129 0.000000 2703.849365 0.000000 0.855783 0.000000 0.517335 1.000000 1.000000 1.000000
4135.104492 0.000000 2666.659180 0.000000 0.974432 0.000000 0.224683 0.960784 0.960784 0.960784
4151.893555 0.000000 2698.270508 0.000000 0.350297 0.000000 -0.936639 0.823530 0.823530 0.823530
4135.260742 0.000000 2676.369629 0.000000 0.272415 0.000000 -0.962180 0.810458 0.810458 0.810458
4144.943848 0.000000 2666.354004 0.000000 0.582483 0.000000 0.812843 1.000000 1.000000 1.000000
4148.072754 0.000000 2703.268799 0.000000 0.999681 0.000000 0.025275 1.000000 1.000000 1.000000
4126.021484 0.000000 2663.032471 0.000000 0.932921 0.000000 -0.360080 0.993464 0.993464 0.993464
4138.442383 0.000000 2682.816406 0.000000 0.834521 0.000000 0.550977 0.921569 0.921569 0.921569
4139.765137 0.000000 2684.049805 0.000000 0.293029 0.000000 -0.956104 1.000000 1.000000 1.000000
4177.256836 0.000000 2689.480469 0.000000 0.964228 0.000000 0.265073 0.614379 0.614379 0.614379
4174.875488 0.000000 2699.527588 0.000000 0.999991 0.000000 0.004240 0.500000 0.500000 0.500000
4200.015625 0.000000 2662.394287 0.000000 0.380328 0.000000 0.924852 0.500000 0.500000 0.500000
4171.941895 0.000000 2696.569580 0.000000 0.864913 0.000000 0.501922 0.500000 0.500000 0.500000
4173.506836 0.000000 2690.580078 0.000000 0.599621 0.000000 0.800284 0.500000 0.500000 0.500000
4178.230469 0.000000 2692.801270 0.000000 0.998660 0.000000 -0.051748 0.500000 0.500000 0.500000
4182.628418 0.000000 2684.792725 0.000000 0.989332 0.000000 -0.145678 0.934641 0.934641 0.934641
4192.449219 0.000000 2680.760986 0.000000 0.813078 0.000000 0.582155 0.797386 0.797386 0.797386
4190.961914 0.000000 2655.727051 0.000000 0.995832 0.000000 0.091202 1.000000 1.000000 1.000000
4188.947754 0.000000 2684.837402 0.000000 0.998661 0.000000 -0.051739 0.633987 0.633987 0.633987
4196.575195 0.000000 2657.154541 0.000000 0.332661 0.000000 0.943046 1.000000 1.000000 1.000000
4172.721191 0.000000 2693.090576 0.000000 0.030124 0.000000 -0.999546 0.500000 0.500000 0.500000
4221.638184 0.000000 2674.488770 0.000000 0.010394 0.000000 0.999946 0.869281 0.869281 0.869281
4188.928223 0.000000 2672.645752 0.000000 0.118123 0.000000 0.992999 0.764706 0.764706 0.764706
4175.870117 0.000000 2691.588379 0.000000 0.996700 0.000000 0.081169 0.901961 0.901961 0.901961
4223.814453 0.000000 2673.210205 0.000000 0.906147 0.000000 0.422963 0.500000 0.500000 0.500000
4174.401855 0.000000 2696.461426 0.000000 0.837903 0.000000 0.545819 0.666667 0.666667 0.666667
4190.816895 0.000000 2669.203369 0.000000 0.624561 0.000000 -0.780976 0.500000 0.500000 0.500000
4203.596680 0.000000 2703.307129 0.000000 0.849100 0.000000 -0.528233 0.758170 0.758170 0.758170
4179.576660 0.000000 2690.217285 0.000000 0.883726 0.000000 0.468005 1.000000 1.000000 1.000000
4202.219238 0.000000 2700.980225 0.000000 0.999586 0.000000 0.028782 0.588235 0.588235 0.588235
4192.801270 0.000000 2683.080811 0.000000 0.328143 0.000000 0.944628 1.000000 1.000000 1.000000
4207.436035 0.000000 2689.487061 0.000000 0.140258 0.000000 -0.990115 0.516340 0.516340 0.516340
4188.979980 0.000000 2670.044678 0.000000 0.595840 0.000000 0.803103 1.000000 1.000000 1.000000
4217.678223 0.000000 2669.887207 0.000000 0.169904 0.000000 0.985461 0.751634 0.751634 0.751634
4175.799805 0.000000 2697.829346 0.000000 0.428016 0.000000 0.903771 0.666667 0.666667 0.666667
4194.177734 0.000000 2681.698730 0.000000 0.268486 0.000000 0.963284 0.718954 0.718954 0.718954
4190.945801 0.000000 2683.229492 0.000000 0.177813 0.000000 0.984064 1.000000 1.000000 1.000000
4190.609375 0.000000 2680.428223 0.000000 0.617294 0.000000 0.786732 1.000000 1.000000 1.000000
4184.422363 0.000000 2684.465820 0.000000 0.057805 0.000000 0.998328 1.000000 1.000000 1.000000
4196.560547 0.000000 2668.821289 0.000000 0.963390 0.000000 -0.268103 0.908497 0.908497 0.908497
4174.389648 0.000000 2692.550049 0.000000 0.075581 0.000000 0.997140 1.000000 1.000000 1.000000
4177.862305 0.000000 2691.093018 0.000000 0.704470 0.000000 0.709734 1.000000 1.000000 1.000000
4225.451172 0.000000 2666.941162 0.000000 0.035479 0.000000 -0.999370 0.500000 0.500000 0.500000
4231.440918 0.000000 2705.172852 0.000000 0.472195 0.000000 0.881494 1.000000 1.000000 1.000000
4159.487305 0.000000 2741.477783 0.000000 0.778447 0.000000 0.627711 0.500000 0.500000 0.500000
4127.826172 0.000000 2719.372314 0.000000 0.240379 0.000000 0.970679 0.500000 0.500000 0.500000
4134.469727 0.000000 2737.843994 0.000000 0.032450 0.000000 -0.999473 0.500000 0.500000 0.500000
4159.976562 0.000000 2761.865479 0.000000 0.912502 0.000000 -0.409071 0.500000 0.500000 0.500000
4160.254883 0.000000 2758.390869 0.000000 0.288906 0.000000 -0.957357 0.500000 0.500000 0.500000
4161.017578 0.000000 2737.943115 0.000000 0.922432 0.000000 -0.386158 0.777778 0.777778 0.777778
4169.641113 0.000000 2764.437744 0.000000 0.999966 0.000000 0.008277 0.500000 0.500000 0.500000
4178.817383 0.000000 2741.693848 0.000000 0.268119 0.000000 -0.963386 1.000000 1.000000 1.000000
4177.260254 0.000000 2737.707031 0.000000 1.000000 0.000000 0.000053 0.784314 0.784314 0.784314
4161.884766 0.000000 2762.302490 0.000000 0.998779 0.000000 -0.049392 0.500000 0.500000 0.500000
4164.755371 0.000000 2739.122559 0.000000 0.041457 0.000000 -0.999140 0.500000 0.500000 0.500000
4160.894531 0.000000 2741.550049 0.000000 0.999731 0.000000 -0.023174 0.500000 0.500000 0.500000
4166.507812 0.000000 2763.341064 0.000000 0.544768 0.000000 0.838587 0.500000 0.500000 0.500000
4169.278320 0.000000 2761.333496 0.000000 0.994575 0.000000 -0.104019 0.673203 0.673203 0.673203
4176.244141 0.000000 2740.447754 0.000000 0.866281 0.000000 0.499557 1.000000 1.000000 1.000000
4174.979980 0.000000 2736.090088 0.000000 0.213429 0.000000 0.976959 0.500000 0.500000 0.500000
4179.640625 0.000000 2736.561768 0.000000 0.307782 0.000000 0.951457 0.823530 0.823530 0.823530
4179.362793 0.000000 2739.237793 0.000000 0.892022 0.000000 -0.451991 1.000000 1.000000 1.000000
4162.627930 0.000000 2739.957275 0.000000 0.739334 0.000000 0.673339 0.967320 0.967320 0.967320
4162.069824 0.000000 2736.071777 0.000000 0.996519 0.000000 -0.083364 1.000000 1.000000 1.000000
4163.099121 0.000000 2737.951660 0.000000 0.942513 0.000000 -0.334171 1.000000 1.000000 1.000000
4164.166992 0.000000 2760.014648 0.000000 0.911915 0.000000 -0.410380 1.000000 1.000000 1.000000
4175.228516 0.000000 2738.262207 0.000000 0.448315 0.000000 -0.893876 0.679739 0.679739 0.679739
4160.144043 0.000000 2739.650146 0.000000 0.935109 0.000000 -0.354359 1.000000 1.000000 1.000000
4167.440918 0.000000 2761.657227 0.000000 0.831801 0.000000 -0.555073 1.000000 1.000000 1.000000
4168.564453 0.000000 2762.980957 0.000000 0.394848 0.000000 0.918746 1.000000 1.000000 1.000000
4177.688477 0.000000 2739.476807 0.000000 0.831321 0.000000 -0.555793 1.000000 1.000000 1.000000
4269.516602 0.000000 2725.983398 0.000000 0.587451 0.000000 0.809259 0.500000 0.500000 0.500000
4264.832520 0.000000 2714.751221 0.000000 0.461927 0.000000 0.886918 0.500000 0.500000 0.500000
4252.928223 0.000000 2729.130127 0.000000 0.687329 0.000000 0.726346 0.500000 0.500000 0.500000
4252.979980 0.000000 2726.529053 0.000000 0.829719 0.000000 0.558182 0.764706 0.764706 0.764706
"}
