object={
	name="iceberg_generator_1_0"
	clamp_to_water_level=yes
	render_under_water=yes
	generated_content=yes
	layer="semidynamic"
	pdxmesh="iceberg_01_mesh"
	count=143
	transform="486.231171 0.000000 2919.232178 0.000000 0.194208 0.000000 0.980960 1.000000 1.000000 1.000000
468.089447 0.000000 2925.520020 0.000000 0.486834 0.000000 0.873494 1.000000 1.000000 1.000000
398.873108 0.000000 3001.718994 0.000000 0.144805 0.000000 0.989460 1.000000 1.000000 1.000000
415.825958 0.000000 3001.794189 0.000000 0.233186 0.000000 0.972432 1.000000 1.000000 1.000000
420.045868 0.000000 2998.946777 0.000000 0.361766 0.000000 0.932269 1.000000 1.000000 1.000000
405.668732 0.000000 3003.460693 0.000000 0.922293 0.000000 0.386493 1.000000 1.000000 1.000000
416.426636 0.000000 3006.109619 0.000000 0.669532 0.000000 0.742783 1.000000 1.000000 1.000000
481.210297 0.000000 3095.029541 0.000000 0.782919 0.000000 0.622124 1.000000 1.000000 1.000000
695.107971 0.000000 3151.842041 0.000000 0.941690 0.000000 0.336482 1.000000 1.000000 1.000000
715.959473 0.000000 3155.131592 0.000000 0.417201 0.000000 0.908814 1.000000 1.000000 1.000000
1018.368286 0.000000 2989.113525 0.000000 0.351088 0.000000 0.936342 1.000000 1.000000 1.000000
1021.248291 0.000000 2983.189453 0.000000 0.817357 0.000000 0.576131 1.000000 1.000000 1.000000
1014.864258 0.000000 2992.186035 0.000000 0.349050 0.000000 0.937104 1.000000 1.000000 1.000000
986.074097 0.000000 3024.188232 0.000000 0.008487 0.000000 0.999964 1.000000 1.000000 1.000000
995.991211 0.000000 3009.398438 0.000000 0.291120 0.000000 0.956687 1.000000 1.000000 1.000000
994.015015 0.000000 3014.167480 0.000000 0.707689 0.000000 0.706524 1.000000 1.000000 1.000000
1010.318420 0.000000 2993.877686 0.000000 0.471979 0.000000 0.881610 1.000000 1.000000 1.000000
846.007324 0.000000 3137.530762 0.000000 0.192846 0.000000 0.981229 1.000000 1.000000 1.000000
841.203857 0.000000 3142.341309 0.000000 0.394169 0.000000 0.919038 1.000000 1.000000 1.000000
2106.807129 0.000000 3000.326416 0.000000 0.529232 0.000000 0.848477 1.000000 1.000000 1.000000
2098.842529 0.000000 3011.541748 0.000000 0.896619 0.000000 0.442803 1.000000 1.000000 1.000000
2118.215332 0.000000 3099.093994 0.000000 0.105732 0.000000 0.994395 1.000000 1.000000 1.000000
2121.640869 0.000000 3159.828369 0.000000 0.772617 0.000000 0.634873 1.000000 1.000000 1.000000
2121.063721 0.000000 3137.102539 0.000000 0.437325 0.000000 0.899303 1.000000 1.000000 1.000000
2416.205322 0.000000 3106.614990 0.000000 0.503951 0.000000 0.863733 1.000000 1.000000 1.000000
2424.551025 0.000000 3083.015381 0.000000 0.299877 0.000000 0.953978 1.000000 1.000000 1.000000
2429.508057 0.000000 3099.933105 0.000000 0.839237 0.000000 0.543766 1.000000 1.000000 1.000000
2427.981689 0.000000 3105.375488 0.000000 0.512522 0.000000 0.858674 1.000000 1.000000 1.000000
2413.516602 0.000000 3121.374023 0.000000 0.593783 0.000000 0.804625 1.000000 1.000000 1.000000
2408.832275 0.000000 3110.141846 0.000000 0.001000 0.000000 1.000000 1.000000 1.000000 1.000000
2422.816650 0.000000 3107.891357 0.000000 0.519530 0.000000 0.854452 1.000000 1.000000 1.000000
2413.943604 0.000000 3108.995605 0.000000 0.088108 0.000000 0.996111 1.000000 1.000000 1.000000
2433.319092 0.000000 3089.044678 0.000000 0.424159 0.000000 0.905588 1.000000 1.000000 1.000000
2126.220459 0.000000 3180.205811 0.000000 0.527093 0.000000 0.849807 1.000000 1.000000 1.000000
2137.505615 0.000000 3216.896729 0.000000 0.277984 0.000000 0.960586 1.000000 1.000000 1.000000
2247.979980 0.000000 3318.229004 0.000000 0.092360 0.000000 0.995726 1.000000 1.000000 1.000000
2335.453613 0.000000 3179.855225 0.000000 0.950016 0.000000 0.312200 1.000000 1.000000 1.000000
2330.979736 0.000000 3204.957764 0.000000 0.219284 0.000000 0.975661 1.000000 1.000000 1.000000
2309.119141 0.000000 3236.043701 0.000000 0.761453 0.000000 0.648220 1.000000 1.000000 1.000000
2330.122314 0.000000 3286.902100 0.000000 0.128312 0.000000 0.991734 1.000000 1.000000 1.000000
2339.764893 0.000000 3301.940918 0.000000 0.845176 0.000000 0.534488 1.000000 1.000000 1.000000
2329.237549 0.000000 3282.252686 0.000000 0.168925 0.000000 0.985629 1.000000 1.000000 1.000000
2342.231201 0.000000 3371.107178 0.000000 0.353307 0.000000 0.935508 1.000000 1.000000 1.000000
2301.292725 0.000000 3401.621582 0.000000 0.642425 0.000000 0.766348 1.000000 1.000000 1.000000
2295.531250 0.000000 3399.666260 0.000000 0.662967 0.000000 0.748648 1.000000 1.000000 1.000000
2302.624512 0.000000 3397.882568 0.000000 0.416715 0.000000 0.909037 1.000000 1.000000 1.000000
2305.451416 0.000000 3401.238037 0.000000 0.008444 0.000000 0.999964 1.000000 1.000000 1.000000
4517.432617 0.000000 3343.605225 0.000000 0.793965 0.000000 0.607963 1.000000 1.000000 1.000000
4512.032227 0.000000 3369.516113 0.000000 0.265358 0.000000 0.964150 1.000000 1.000000 1.000000
4175.130859 0.000000 3541.403076 0.000000 0.813519 0.000000 0.581538 1.000000 1.000000 1.000000
4174.875488 0.000000 3546.793213 0.000000 0.749760 0.000000 0.661710 1.000000 1.000000 1.000000
4290.500488 0.000000 3521.775391 0.000000 0.717713 0.000000 0.696339 1.000000 1.000000 1.000000
4343.107910 0.000000 3547.232666 0.000000 0.448614 0.000000 0.893726 1.000000 1.000000 1.000000
4375.890625 0.000000 3464.604492 0.000000 0.942364 0.000000 0.334589 1.000000 1.000000 1.000000
4457.563477 0.000000 3472.037842 0.000000 0.621884 0.000000 0.783109 1.000000 1.000000 1.000000
4543.487305 0.000000 3419.290283 0.000000 0.440663 0.000000 0.897673 1.000000 1.000000 1.000000
4481.017578 0.000000 3415.755615 0.000000 0.849563 0.000000 0.527488 1.000000 1.000000 1.000000
4581.982422 0.000000 3439.324219 0.000000 0.081635 0.000000 0.996662 1.000000 1.000000 1.000000
4585.385742 0.000000 3421.980713 0.000000 0.251989 0.000000 0.967730 1.000000 1.000000 1.000000
4545.017578 0.000000 3415.755615 0.000000 0.599309 0.000000 0.800518 1.000000 1.000000 1.000000
4450.900879 0.000000 3502.095947 0.000000 0.909175 0.000000 0.416414 1.000000 1.000000 1.000000
4622.007324 0.000000 3250.499512 0.000000 0.250353 0.000000 0.968155 1.000000 1.000000 1.000000
4627.771973 0.000000 3242.234863 0.000000 0.669058 0.000000 0.743210 1.000000 1.000000 1.000000
4635.932617 0.000000 3239.878906 0.000000 0.551157 0.000000 0.834401 1.000000 1.000000 1.000000
4916.365234 0.000000 3371.844482 0.000000 0.360730 0.000000 0.932670 1.000000 1.000000 1.000000
4951.890625 0.000000 3351.635742 0.000000 0.725425 0.000000 0.688301 1.000000 1.000000 1.000000
4937.063965 0.000000 3363.040039 0.000000 0.783594 0.000000 0.621273 1.000000 1.000000 1.000000
4946.817383 0.000000 3363.021973 0.000000 0.598121 0.000000 0.801406 1.000000 1.000000 1.000000
4932.763672 0.000000 3368.770264 0.000000 0.638551 0.000000 0.769579 1.000000 1.000000 1.000000
4928.163086 0.000000 3367.324707 0.000000 0.148660 0.000000 0.988888 1.000000 1.000000 1.000000
5050.544434 0.000000 3316.516846 0.000000 0.465796 0.000000 0.884892 1.000000 1.000000 1.000000
5008.971680 0.000000 3325.270752 0.000000 0.377919 0.000000 0.925838 1.000000 1.000000 1.000000
4722.584961 0.000000 3416.956787 0.000000 0.445545 0.000000 0.895260 1.000000 1.000000 1.000000
4747.929688 0.000000 3401.068359 0.000000 0.079696 0.000000 0.996819 1.000000 1.000000 1.000000
5326.953125 0.000000 3217.096680 0.000000 0.283074 0.000000 0.959098 1.000000 1.000000 1.000000
5306.511719 0.000000 3240.119385 0.000000 0.330102 0.000000 0.943945 1.000000 1.000000 1.000000
5301.994141 0.000000 3240.895508 0.000000 0.601150 0.000000 0.799136 1.000000 1.000000 1.000000
5312.098633 0.000000 3226.558350 0.000000 0.654698 0.000000 0.755890 1.000000 1.000000 1.000000
5316.047852 0.000000 3227.959473 0.000000 0.566105 0.000000 0.824333 1.000000 1.000000 1.000000
5498.807129 0.000000 3226.263916 0.000000 0.410931 0.000000 0.911666 1.000000 1.000000 1.000000
5501.292480 0.000000 3232.168457 0.000000 0.663838 0.000000 0.747877 1.000000 1.000000 1.000000
5603.765137 0.000000 3188.972168 0.000000 0.070669 0.000000 0.997500 1.000000 1.000000 1.000000
5606.889160 0.000000 3186.564697 0.000000 0.248937 0.000000 0.968520 1.000000 1.000000 1.000000
5598.236816 0.000000 3272.139160 0.000000 0.234113 0.000000 0.972209 1.000000 1.000000 1.000000
5657.621582 0.000000 3210.999756 0.000000 0.872110 0.000000 0.489310 1.000000 1.000000 1.000000
5672.763184 0.000000 3178.247070 0.000000 0.455303 0.000000 0.890336 1.000000 1.000000 1.000000
5737.385742 0.000000 3252.527588 0.000000 0.466389 0.000000 0.884580 1.000000 1.000000 1.000000
5741.943359 0.000000 3278.448730 0.000000 0.748309 0.000000 0.663350 1.000000 1.000000 1.000000
5802.009766 0.000000 3331.030518 0.000000 0.125655 0.000000 0.992074 1.000000 1.000000 1.000000
5814.864258 0.000000 3331.092285 0.000000 0.834758 0.000000 0.550617 1.000000 1.000000 1.000000
5791.453613 0.000000 3349.308350 0.000000 0.790736 0.000000 0.612157 1.000000 1.000000 1.000000
5800.832520 0.000000 3336.079346 0.000000 0.627432 0.000000 0.778671 1.000000 1.000000 1.000000
5792.032227 0.000000 3369.516113 0.000000 0.350258 0.000000 0.936653 1.000000 1.000000 1.000000
5800.015625 0.000000 3340.206787 0.000000 0.635333 0.000000 0.772238 1.000000 1.000000 1.000000
5836.552734 0.000000 3358.772217 0.000000 0.722804 0.000000 0.691053 1.000000 1.000000 1.000000
5830.424805 0.000000 3352.938232 0.000000 0.289906 0.000000 0.957055 1.000000 1.000000 1.000000
5951.958008 0.000000 3296.992676 0.000000 0.678689 0.000000 0.734426 1.000000 1.000000 1.000000
5936.205566 0.000000 3389.036865 0.000000 0.712226 0.000000 0.701950 1.000000 1.000000 1.000000
5932.662598 0.000000 3383.158203 0.000000 0.608622 0.000000 0.793460 1.000000 1.000000 1.000000
5909.208496 0.000000 3372.457275 0.000000 0.453811 0.000000 0.891098 1.000000 1.000000 1.000000
5943.531250 0.000000 3343.181885 0.000000 0.545665 0.000000 0.838003 1.000000 1.000000 1.000000
5941.994141 0.000000 3353.864258 0.000000 0.565852 0.000000 0.824507 1.000000 1.000000 1.000000
5933.311035 0.000000 3366.927979 0.000000 0.160604 0.000000 0.987019 1.000000 1.000000 1.000000
5935.868652 0.000000 3380.989014 0.000000 0.852356 0.000000 0.522962 1.000000 1.000000 1.000000
5929.322754 0.000000 3380.853760 0.000000 0.455061 0.000000 0.890460 1.000000 1.000000 1.000000
5978.979980 0.000000 3374.410889 0.000000 0.559285 0.000000 0.828976 1.000000 1.000000 1.000000
5983.334473 0.000000 3373.563477 0.000000 0.877543 0.000000 0.479497 1.000000 1.000000 1.000000
6057.385742 0.000000 3309.011963 0.000000 0.446030 0.000000 0.895018 1.000000 1.000000 1.000000
6066.789551 0.000000 3344.665527 0.000000 0.943642 0.000000 0.330967 1.000000 1.000000 1.000000
6061.943359 0.000000 3334.933105 0.000000 0.881000 0.000000 0.473116 1.000000 1.000000 1.000000
5693.212891 0.000000 3470.938721 0.000000 0.108913 0.000000 0.994051 1.000000 1.000000 1.000000
5685.994141 0.000000 3466.833008 0.000000 0.796872 0.000000 0.604148 1.000000 1.000000 1.000000
5797.982422 0.000000 3439.324219 0.000000 0.208130 0.000000 0.978101 1.000000 1.000000 1.000000
5793.210449 0.000000 3433.935791 0.000000 0.914264 0.000000 0.405119 1.000000 1.000000 1.000000
5786.364746 0.000000 3414.623779 0.000000 0.642064 0.000000 0.766651 1.000000 1.000000 1.000000
5794.932617 0.000000 3443.139404 0.000000 0.515266 0.000000 0.857030 1.000000 1.000000 1.000000
5794.015137 0.000000 3409.558105 0.000000 0.923733 0.000000 0.383038 1.000000 1.000000 1.000000
5826.396484 0.000000 3390.924561 0.000000 0.170593 0.000000 0.985342 1.000000 1.000000 1.000000
5938.318359 0.000000 3389.268311 0.000000 0.845774 0.000000 0.533541 1.000000 1.000000 1.000000
5978.122559 0.000000 3399.870850 0.000000 0.314108 0.000000 0.949387 1.000000 1.000000 1.000000
5983.826172 0.000000 3397.184814 0.000000 0.769172 0.000000 0.639042 1.000000 1.000000 1.000000
5944.550781 0.000000 3478.406006 0.000000 0.700683 0.000000 0.713473 1.000000 1.000000 1.000000
5949.512207 0.000000 3445.572998 0.000000 0.732404 0.000000 0.680870 1.000000 1.000000 1.000000
5949.212891 0.000000 3470.938721 0.000000 0.573245 0.000000 0.819384 1.000000 1.000000 1.000000
5944.315430 0.000000 3482.555908 0.000000 0.850183 0.000000 0.526487 1.000000 1.000000 1.000000
6056.832520 0.000000 3392.563721 0.000000 0.338405 0.000000 0.941000 1.000000 1.000000 1.000000
6025.400879 0.000000 3405.181641 0.000000 0.761381 0.000000 0.648304 1.000000 1.000000 1.000000
6026.351562 0.000000 3409.941406 0.000000 0.437712 0.000000 0.899115 1.000000 1.000000 1.000000
6050.900879 0.000000 3445.611572 0.000000 0.643931 0.000000 0.765084 1.000000 1.000000 1.000000
5946.511719 0.000000 3522.541260 0.000000 0.685744 0.000000 0.727842 1.000000 1.000000 1.000000
5949.524414 0.000000 3519.101074 0.000000 0.513983 0.000000 0.857800 1.000000 1.000000 1.000000
6026.351562 0.000000 3522.910156 0.000000 0.582048 0.000000 0.813154 1.000000 1.000000 1.000000
6038.937012 0.000000 3516.458496 0.000000 0.705500 0.000000 0.708710 1.000000 1.000000 1.000000
6250.009766 0.000000 3387.514893 0.000000 0.533326 0.000000 0.845910 1.000000 1.000000 1.000000
6185.385742 0.000000 3421.980713 0.000000 0.715712 0.000000 0.698395 1.000000 1.000000 1.000000
6242.900879 0.000000 3389.127197 0.000000 0.622986 0.000000 0.782233 1.000000 1.000000 1.000000
6262.816895 0.000000 3390.313232 0.000000 0.758762 0.000000 0.651368 1.000000 1.000000 1.000000
6252.083496 0.000000 3409.123535 0.000000 0.310146 0.000000 0.950689 1.000000 1.000000 1.000000
6248.763184 0.000000 3404.184570 0.000000 0.575863 0.000000 0.817546 1.000000 1.000000 1.000000
6258.318359 0.000000 3389.268311 0.000000 0.610880 0.000000 0.791724 1.000000 1.000000 1.000000
6298.074219 0.000000 3419.578857 0.000000 0.636326 0.000000 0.771420 1.000000 1.000000 1.000000
6385.272949 0.000000 3479.171875 0.000000 0.683534 0.000000 0.729918 1.000000 1.000000 1.000000
6411.786133 0.000000 3507.084229 0.000000 0.795391 0.000000 0.606096 1.000000 1.000000 1.000000
"}
object={
	name="iceberg_generator_1_1"
	clamp_to_water_level=yes
	render_under_water=yes
	generated_content=yes
	layer="semidynamic"
	pdxmesh="iceberg_02_mesh"
	count=113
	transform="421.432404 0.000000 3004.698975 0.000000 0.954429 0.000000 0.298440 1.000000 1.000000 1.000000
424.015656 0.000000 3057.784912 0.000000 0.945742 0.000000 -0.324918 1.000000 1.000000 1.000000
480.032196 0.000000 3087.094238 0.000000 0.975502 0.000000 0.219990 1.000000 1.000000 1.000000
503.107971 0.000000 3095.357666 0.000000 0.944968 0.000000 -0.327163 1.000000 1.000000 1.000000
710.215332 0.000000 3155.578369 0.000000 0.954572 0.000000 0.297981 1.000000 1.000000 1.000000
799.334412 0.000000 3147.625977 0.000000 0.962002 0.000000 0.273043 1.000000 1.000000 1.000000
2093.433838 0.000000 3023.401123 0.000000 0.902514 0.000000 -0.430661 1.000000 1.000000 1.000000
2114.396484 0.000000 2995.533936 0.000000 0.978714 0.000000 -0.205229 1.000000 1.000000 1.000000
2121.203857 0.000000 3142.341309 0.000000 0.998381 0.000000 -0.056884 1.000000 1.000000 1.000000
2118.215332 0.000000 3155.578369 0.000000 0.964245 0.000000 -0.265014 1.000000 1.000000 1.000000
2426.368164 0.000000 3102.082275 0.000000 0.998946 0.000000 0.045896 1.000000 1.000000 1.000000
2422.864258 0.000000 3105.154785 0.000000 0.972851 0.000000 0.231433 1.000000 1.000000 1.000000
2353.272949 0.000000 3140.265625 0.000000 0.995374 0.000000 0.096079 1.000000 1.000000 1.000000
2404.276123 0.000000 3139.887451 0.000000 0.951720 0.000000 -0.306966 1.000000 1.000000 1.000000
2418.318359 0.000000 3106.846436 0.000000 0.976656 0.000000 -0.214811 1.000000 1.000000 1.000000
2142.236816 0.000000 3215.654785 0.000000 0.921984 0.000000 -0.387227 1.000000 1.000000 1.000000
2142.060547 0.000000 3211.279785 0.000000 0.968055 0.000000 0.250738 1.000000 1.000000 1.000000
2239.487305 0.000000 3306.321533 0.000000 0.970628 0.000000 -0.240587 1.000000 1.000000 1.000000
2230.173828 0.000000 3282.278076 0.000000 0.828900 0.000000 -0.559397 1.000000 1.000000 1.000000
2240.163086 0.000000 3310.840332 0.000000 0.934989 0.000000 -0.354677 1.000000 1.000000 1.000000
2335.758545 0.000000 3193.284668 0.000000 0.990218 0.000000 0.139528 1.000000 1.000000 1.000000
2338.900879 0.000000 3163.189697 0.000000 0.962536 0.000000 0.271154 1.000000 1.000000 1.000000
2339.764893 0.000000 3188.972168 0.000000 0.984026 0.000000 -0.178025 1.000000 1.000000 1.000000
2319.273193 0.000000 3241.527832 0.000000 0.817648 0.000000 -0.575718 1.000000 1.000000 1.000000
2341.982422 0.000000 3382.839844 0.000000 0.999045 0.000000 0.043683 1.000000 1.000000 1.000000
2338.932617 0.000000 3386.655029 0.000000 0.845346 0.000000 -0.534220 1.000000 1.000000 1.000000
2285.943604 0.000000 3391.417480 0.000000 0.962692 0.000000 0.270599 1.000000 1.000000 1.000000
2338.900879 0.000000 3389.127197 0.000000 0.980792 0.000000 0.195056 1.000000 1.000000 1.000000
2304.098633 0.000000 3396.011475 0.000000 0.870356 0.000000 -0.492424 1.000000 1.000000 1.000000
4463.722656 0.000000 3376.897705 0.000000 0.849494 0.000000 -0.527599 1.000000 1.000000 1.000000
4585.260742 0.000000 3320.315918 0.000000 0.911441 0.000000 -0.411431 1.000000 1.000000 1.000000
4594.842773 0.000000 3293.963623 0.000000 0.824125 0.000000 -0.566408 1.000000 1.000000 1.000000
4541.248047 0.000000 3378.580078 0.000000 0.877563 0.000000 -0.479462 1.000000 1.000000 1.000000
4506.074219 0.000000 3363.094482 0.000000 0.965254 0.000000 -0.261315 1.000000 1.000000 1.000000
4515.991211 0.000000 3348.304688 0.000000 0.899220 0.000000 -0.437496 1.000000 1.000000 1.000000
4176.971680 0.000000 3551.208252 0.000000 0.994860 0.000000 -0.101256 1.000000 1.000000 1.000000
4185.505859 0.000000 3555.802979 0.000000 0.894047 0.000000 -0.447974 1.000000 1.000000 1.000000
4344.550781 0.000000 3534.890381 0.000000 0.965180 0.000000 0.261587 1.000000 1.000000 1.000000
4426.351562 0.000000 3466.425781 0.000000 0.996751 0.000000 -0.080540 1.000000 1.000000 1.000000
4466.318359 0.000000 3445.752686 0.000000 0.983744 0.000000 -0.179579 1.000000 1.000000 1.000000
4482.500488 0.000000 3408.806641 0.000000 0.965059 0.000000 0.262033 1.000000 1.000000 1.000000
4631.890625 0.000000 3238.666992 0.000000 0.999959 0.000000 0.009027 1.000000 1.000000 1.000000
4625.260254 0.000000 3246.066406 0.000000 0.999997 0.000000 0.002641 1.000000 1.000000 1.000000
4989.248047 0.000000 3378.580078 0.000000 0.996632 0.000000 -0.082005 1.000000 1.000000 1.000000
4954.074219 0.000000 3363.094482 0.000000 0.995068 0.000000 -0.099198 1.000000 1.000000 1.000000
5048.065918 0.000000 3301.456299 0.000000 0.996430 0.000000 0.084421 1.000000 1.000000 1.000000
5039.722656 0.000000 3320.413330 0.000000 0.842618 0.000000 -0.538512 1.000000 1.000000 1.000000
5056.254883 0.000000 3323.234619 0.000000 0.998452 0.000000 0.055613 1.000000 1.000000 1.000000
4716.062988 0.000000 3398.051514 0.000000 0.837043 0.000000 -0.547137 1.000000 1.000000 1.000000
5050.544434 0.000000 3429.485596 0.000000 0.937454 0.000000 -0.348110 1.000000 1.000000 1.000000
5048.550781 0.000000 3421.921631 0.000000 0.961042 0.000000 -0.276402 1.000000 1.000000 1.000000
5044.365234 0.000000 3428.328857 0.000000 0.840952 0.000000 -0.541110 1.000000 1.000000 1.000000
5053.248047 0.000000 3435.064453 0.000000 0.930769 0.000000 -0.365608 1.000000 1.000000 1.000000
5047.107910 0.000000 3434.263916 0.000000 0.845152 0.000000 -0.534527 1.000000 1.000000 1.000000
5053.658691 0.000000 3424.378174 0.000000 0.870257 0.000000 -0.492599 1.000000 1.000000 1.000000
5045.994141 0.000000 3410.348633 0.000000 0.971027 0.000000 0.238970 1.000000 1.000000 1.000000
5246.624512 0.000000 3228.429443 0.000000 0.867516 0.000000 -0.497409 1.000000 1.000000 1.000000
5302.864258 0.000000 3218.123535 0.000000 0.989116 0.000000 -0.147137 1.000000 1.000000 1.000000
5298.584961 0.000000 3247.503662 0.000000 0.938790 0.000000 -0.344490 1.000000 1.000000 1.000000
5309.658691 0.000000 3254.925049 0.000000 0.999843 0.000000 0.017721 1.000000 1.000000 1.000000
5317.464844 0.000000 3224.391357 0.000000 0.996991 0.000000 0.077512 1.000000 1.000000 1.000000
5387.786133 0.000000 3224.662354 0.000000 0.898124 0.000000 -0.439743 1.000000 1.000000 1.000000
5506.500488 0.000000 3239.353516 0.000000 0.996650 0.000000 -0.081785 1.000000 1.000000 1.000000
5514.351562 0.000000 3240.488281 0.000000 0.997576 0.000000 0.069578 1.000000 1.000000 1.000000
5504.514160 0.000000 3235.690186 0.000000 0.871021 0.000000 -0.491245 1.000000 1.000000 1.000000
5598.060547 0.000000 3267.764160 0.000000 0.873808 0.000000 -0.486271 1.000000 1.000000 1.000000
5582.953125 0.000000 3386.549805 0.000000 0.964238 0.000000 -0.265039 1.000000 1.000000 1.000000
5584.971680 0.000000 3381.755127 0.000000 0.971711 0.000000 -0.236172 1.000000 1.000000 1.000000
5579.929688 0.000000 3401.068359 0.000000 0.868978 0.000000 -0.494851 1.000000 1.000000 1.000000
5690.368164 0.000000 3215.051025 0.000000 0.954395 0.000000 -0.298545 1.000000 1.000000 1.000000
5651.771973 0.000000 3185.750488 0.000000 0.878134 0.000000 -0.478415 1.000000 1.000000 1.000000
5740.062988 0.000000 3228.598389 0.000000 0.976377 0.000000 0.216075 1.000000 1.000000 1.000000
5805.434082 0.000000 3305.822998 0.000000 0.962471 0.000000 0.271384 1.000000 1.000000 1.000000
5818.807129 0.000000 3339.232666 0.000000 0.977425 0.000000 0.211282 1.000000 1.000000 1.000000
5805.943359 0.000000 3334.933105 0.000000 0.963698 0.000000 -0.266995 1.000000 1.000000 1.000000
5821.524414 0.000000 3349.647949 0.000000 0.986011 0.000000 0.166682 1.000000 1.000000 1.000000
5834.351562 0.000000 3353.457031 0.000000 0.960041 0.000000 0.279860 1.000000 1.000000 1.000000
5824.514160 0.000000 3348.658936 0.000000 0.958702 0.000000 -0.284412 1.000000 1.000000 1.000000
5946.511719 0.000000 3296.603760 0.000000 0.814848 0.000000 -0.579674 1.000000 1.000000 1.000000
5949.212891 0.000000 3301.485596 0.000000 0.904602 0.000000 -0.426258 1.000000 1.000000 1.000000
5953.017578 0.000000 3302.786865 0.000000 0.979615 0.000000 -0.200885 1.000000 1.000000 1.000000
5892.458496 0.000000 3387.044189 0.000000 0.996876 0.000000 -0.078986 1.000000 1.000000 1.000000
5943.638184 0.000000 3348.321533 0.000000 0.999942 0.000000 -0.010758 1.000000 1.000000 1.000000
5908.089355 0.000000 3377.395020 0.000000 0.980922 0.000000 -0.194402 1.000000 1.000000 1.000000
5897.641113 0.000000 3385.765869 0.000000 0.986286 0.000000 0.165044 1.000000 1.000000 1.000000
5938.842773 0.000000 3350.447998 0.000000 0.830928 0.000000 -0.556380 1.000000 1.000000 1.000000
5936.023926 0.000000 3385.113037 0.000000 0.994035 0.000000 -0.109065 1.000000 1.000000 1.000000
5985.210449 0.000000 3377.451416 0.000000 0.993625 0.000000 -0.112738 1.000000 1.000000 1.000000
5695.958008 0.000000 3409.961426 0.000000 0.896876 0.000000 -0.442281 1.000000 1.000000 1.000000
5734.893555 0.000000 3464.994141 0.000000 0.996839 0.000000 -0.079448 1.000000 1.000000 1.000000
5798.893555 0.000000 3408.509766 0.000000 0.999143 0.000000 0.041388 1.000000 1.000000 1.000000
5795.765137 0.000000 3471.394043 0.000000 0.974993 0.000000 -0.222234 1.000000 1.000000 1.000000
5794.015137 0.000000 3466.042480 0.000000 0.983310 0.000000 -0.181940 1.000000 1.000000 1.000000
5781.668945 0.000000 3455.335693 0.000000 0.998441 0.000000 -0.055821 1.000000 1.000000 1.000000
5946.544434 0.000000 3429.485596 0.000000 0.884785 0.000000 -0.465999 1.000000 1.000000 1.000000
5938.789551 0.000000 3401.149902 0.000000 0.998156 0.000000 -0.060700 1.000000 1.000000 1.000000
5951.586426 0.000000 3442.497070 0.000000 0.836776 0.000000 -0.547545 1.000000 1.000000 1.000000
5949.212891 0.000000 3414.454346 0.000000 0.978154 0.000000 0.207880 1.000000 1.000000 1.000000
5946.544434 0.000000 3485.969971 0.000000 0.895162 0.000000 -0.445741 1.000000 1.000000 1.000000
5949.292480 0.000000 3458.105957 0.000000 0.996488 0.000000 -0.083737 1.000000 1.000000 1.000000
5949.524414 0.000000 3462.616699 0.000000 0.956886 0.000000 -0.290462 1.000000 1.000000 1.000000
6016.098633 0.000000 3396.011475 0.000000 0.922993 0.000000 -0.384818 1.000000 1.000000 1.000000
6022.330566 0.000000 3401.159424 0.000000 0.844873 0.000000 -0.534967 1.000000 1.000000 1.000000
6052.620605 0.000000 3435.770996 0.000000 0.999666 0.000000 -0.025860 1.000000 1.000000 1.000000
6052.045898 0.000000 3450.821777 0.000000 0.987349 0.000000 0.158564 1.000000 1.000000 1.000000
6042.709961 0.000000 3482.586914 0.000000 0.974203 0.000000 0.225673 1.000000 1.000000 1.000000
5946.385254 0.000000 3504.623291 0.000000 0.984889 0.000000 0.173188 1.000000 1.000000 1.000000
6030.220703 0.000000 3519.112061 0.000000 0.951129 0.000000 0.308795 1.000000 1.000000 1.000000
6041.237793 0.000000 3508.190186 0.000000 0.928266 0.000000 -0.371918 1.000000 1.000000 1.000000
6209.318848 0.000000 3427.950928 0.000000 0.999996 0.000000 0.002802 1.000000 1.000000 1.000000
6377.563477 0.000000 3472.037842 0.000000 0.999948 0.000000 0.010189 1.000000 1.000000 1.000000
6381.434082 0.000000 3475.276123 0.000000 0.942354 0.000000 -0.334618 1.000000 1.000000 1.000000
6354.817383 0.000000 3475.990723 0.000000 0.971858 0.000000 0.235569 1.000000 1.000000 1.000000
"}
object={
	name="iceberg_generator_1_2"
	clamp_to_water_level=yes
	render_under_water=yes
	generated_content=yes
	layer="semidynamic"
	pdxmesh="iceberg_03_mesh"
	count=111
	transform="431.722504 0.000000 2925.022705 0.000000 0.561687 0.000000 -0.827350 1.000000 1.000000 1.000000
428.412659 0.000000 2922.976807 0.000000 0.490324 0.000000 -0.871540 1.000000 1.000000 1.000000
481.210297 0.000000 2925.576416 0.000000 0.070366 0.000000 -0.997521 1.000000 1.000000 1.000000
489.260620 0.000000 2924.925293 0.000000 0.786294 0.000000 -0.617852 1.000000 1.000000 1.000000
419.991211 0.000000 3009.398438 0.000000 0.372136 0.000000 -0.928178 1.000000 1.000000 1.000000
603.932800 0.000000 3126.910156 0.000000 0.218927 0.000000 -0.975741 1.000000 1.000000 1.000000
697.910522 0.000000 3154.591553 0.000000 0.072493 0.000000 -0.997369 1.000000 1.000000 1.000000
701.507996 0.000000 3156.417480 0.000000 0.617484 0.000000 -0.786583 1.000000 1.000000 1.000000
809.260620 0.000000 3150.862793 0.000000 0.749760 0.000000 -0.661710 1.000000 1.000000 1.000000
794.709900 0.000000 3143.680664 0.000000 0.366563 0.000000 -0.930393 1.000000 1.000000 1.000000
805.098633 0.000000 3149.511719 0.000000 0.686670 0.000000 -0.726969 1.000000 1.000000 1.000000
853.705017 0.000000 3133.508301 0.000000 0.376678 0.000000 -0.926344 1.000000 1.000000 1.000000
839.979919 0.000000 3148.775879 0.000000 0.468163 0.000000 -0.883642 1.000000 1.000000 1.000000
850.817444 0.000000 3137.084473 0.000000 0.590851 0.000000 -0.806780 1.000000 1.000000 1.000000
2097.272949 0.000000 3027.296875 0.000000 0.583709 0.000000 -0.811963 1.000000 1.000000 1.000000
2093.311035 0.000000 3028.021729 0.000000 0.451003 0.000000 -0.892523 1.000000 1.000000 1.000000
2116.032471 0.000000 3138.252197 0.000000 0.416386 0.000000 -0.909188 1.000000 1.000000 1.000000
2429.248291 0.000000 3096.158203 0.000000 0.381671 0.000000 -0.924298 1.000000 1.000000 1.000000
2412.063232 0.000000 3059.145264 0.000000 0.080782 0.000000 -0.996732 1.000000 1.000000 1.000000
2426.305176 0.000000 3094.137695 0.000000 0.673954 0.000000 -0.738773 1.000000 1.000000 1.000000
2409.563477 0.000000 3133.131592 0.000000 0.437387 0.000000 -0.899273 1.000000 1.000000 1.000000
2412.063232 0.000000 3115.629639 0.000000 0.149878 0.000000 -0.988704 1.000000 1.000000 1.000000
2412.083252 0.000000 3126.701660 0.000000 0.317418 0.000000 -0.948286 1.000000 1.000000 1.000000
2230.864258 0.000000 3274.607910 0.000000 0.173935 0.000000 -0.984757 1.000000 1.000000 1.000000
2232.065674 0.000000 3301.456299 0.000000 0.189490 0.000000 -0.981883 1.000000 1.000000 1.000000
2230.816650 0.000000 3277.344482 0.000000 0.373782 0.000000 -0.927517 1.000000 1.000000 1.000000
2235.211426 0.000000 3305.711914 0.000000 0.398157 0.000000 -0.917317 1.000000 1.000000 1.000000
2270.530029 0.000000 3356.038086 0.000000 0.009968 0.000000 -0.999950 1.000000 1.000000 1.000000
2348.063232 0.000000 3172.114014 0.000000 0.526351 0.000000 -0.850267 1.000000 1.000000 1.000000
2330.709961 0.000000 3200.165039 0.000000 0.418672 0.000000 -0.908137 1.000000 1.000000 1.000000
2339.991211 0.000000 3178.851562 0.000000 0.508686 0.000000 -0.860952 1.000000 1.000000 1.000000
2333.237549 0.000000 3196.647217 0.000000 0.526540 0.000000 -0.850150 1.000000 1.000000 1.000000
2336.032227 0.000000 3313.031738 0.000000 0.666930 0.000000 -0.745121 1.000000 1.000000 1.000000
2289.519043 0.000000 3395.392090 0.000000 0.204452 0.000000 -0.978877 1.000000 1.000000 1.000000
4543.487305 0.000000 3362.805908 0.000000 0.002489 0.000000 -0.999997 1.000000 1.000000 1.000000
4180.968750 0.000000 3554.156250 0.000000 0.753738 0.000000 -0.657175 1.000000 1.000000 1.000000
4470.864258 0.000000 3444.061035 0.000000 0.494149 0.000000 -0.869377 1.000000 1.000000 1.000000
4367.272949 0.000000 3467.465332 0.000000 0.191024 0.000000 -0.981585 1.000000 1.000000 1.000000
4358.215332 0.000000 3494.484619 0.000000 0.505420 0.000000 -0.862874 1.000000 1.000000 1.000000
4366.875488 0.000000 3490.308838 0.000000 0.783530 0.000000 -0.621354 1.000000 1.000000 1.000000
4353.884766 0.000000 3496.599365 0.000000 0.507004 0.000000 -0.861944 1.000000 1.000000 1.000000
4457.385742 0.000000 3478.465088 0.000000 0.761344 0.000000 -0.648348 1.000000 1.000000 1.000000
4524.083496 0.000000 3409.123535 0.000000 0.618423 0.000000 -0.785846 1.000000 1.000000 1.000000
4580.045898 0.000000 3450.821777 0.000000 0.794192 0.000000 -0.607666 1.000000 1.000000 1.000000
4642.015137 0.000000 3240.104980 0.000000 0.270344 0.000000 -0.962764 1.000000 1.000000 1.000000
4955.932617 0.000000 3352.847656 0.000000 0.688087 0.000000 -0.725628 1.000000 1.000000 1.000000
5033.260742 0.000000 3320.315918 0.000000 0.028096 0.000000 -0.999605 1.000000 1.000000 1.000000
5053.248047 0.000000 3322.095703 0.000000 0.373438 0.000000 -0.927655 1.000000 1.000000 1.000000
5053.212891 0.000000 3301.485596 0.000000 0.295194 0.000000 -0.955437 1.000000 1.000000 1.000000
4996.458496 0.000000 3387.044189 0.000000 0.008798 0.000000 -0.999961 1.000000 1.000000 1.000000
4717.943359 0.000000 3391.417480 0.000000 0.733823 0.000000 -0.679341 1.000000 1.000000 1.000000
4738.500488 0.000000 3408.806641 0.000000 0.566913 0.000000 -0.823778 1.000000 1.000000 1.000000
5048.065918 0.000000 3414.425049 0.000000 0.524185 0.000000 -0.851604 1.000000 1.000000 1.000000
5051.211426 0.000000 3418.680664 0.000000 0.773811 0.000000 -0.633416 1.000000 1.000000 1.000000
5289.322754 0.000000 3211.400635 0.000000 0.102177 0.000000 -0.994766 1.000000 1.000000 1.000000
5269.502930 0.000000 3211.444092 0.000000 0.230057 0.000000 -0.973177 1.000000 1.000000 1.000000
5297.272949 0.000000 3253.234375 0.000000 0.713802 0.000000 -0.700348 1.000000 1.000000 1.000000
5303.638184 0.000000 3235.352783 0.000000 0.381408 0.000000 -0.924407 1.000000 1.000000 1.000000
5248.098633 0.000000 3226.558350 0.000000 0.687325 0.000000 -0.726350 1.000000 1.000000 1.000000
5324.978516 0.000000 3220.345459 0.000000 0.807076 0.000000 -0.590447 1.000000 1.000000 1.000000
5405.237305 0.000000 3196.647217 0.000000 0.537494 0.000000 -0.843267 1.000000 1.000000 1.000000
5609.563477 0.000000 3189.615967 0.000000 0.446943 0.000000 -0.894562 1.000000 1.000000 1.000000
5509.119141 0.000000 3236.043701 0.000000 0.379421 0.000000 -0.925224 1.000000 1.000000 1.000000
5510.424805 0.000000 3239.969482 0.000000 0.356443 0.000000 -0.934317 1.000000 1.000000 1.000000
5593.621582 0.000000 3323.968506 0.000000 0.650941 0.000000 -0.759129 1.000000 1.000000 1.000000
5582.875488 0.000000 3377.340088 0.000000 0.426879 0.000000 -0.904309 1.000000 1.000000 1.000000
5653.705078 0.000000 3189.992676 0.000000 0.694546 0.000000 -0.719449 1.000000 1.000000 1.000000
5632.163086 0.000000 3197.871582 0.000000 0.591641 0.000000 -0.806202 1.000000 1.000000 1.000000
5650.283691 0.000000 3220.742188 0.000000 0.173473 0.000000 -0.984839 1.000000 1.000000 1.000000
5732.045898 0.000000 3224.884277 0.000000 0.518957 0.000000 -0.854800 1.000000 1.000000 1.000000
5754.511719 0.000000 3296.603760 0.000000 0.699467 0.000000 -0.714665 1.000000 1.000000 1.000000
5809.272949 0.000000 3309.718750 0.000000 0.256854 0.000000 -0.966450 1.000000 1.000000 1.000000
5801.260742 0.000000 3320.315918 0.000000 0.506926 0.000000 -0.861990 1.000000 1.000000 1.000000
5811.213867 0.000000 3322.351074 0.000000 0.135698 0.000000 -0.990750 1.000000 1.000000 1.000000
5821.292480 0.000000 3345.137207 0.000000 0.050314 0.000000 -0.998733 1.000000 1.000000 1.000000
5795.765137 0.000000 3358.425293 0.000000 0.668039 0.000000 -0.744126 1.000000 1.000000 1.000000
5794.015137 0.000000 3353.073730 0.000000 0.360182 0.000000 -0.932882 1.000000 1.000000 1.000000
5829.119141 0.000000 3349.012451 0.000000 0.085044 0.000000 -0.996377 1.000000 1.000000 1.000000
5944.065918 0.000000 3357.940674 0.000000 0.217408 0.000000 -0.976081 1.000000 1.000000 1.000000
5946.807129 0.000000 3339.232666 0.000000 0.592813 0.000000 -0.805340 1.000000 1.000000 1.000000
5914.979980 0.000000 3374.410889 0.000000 0.654749 0.000000 -0.755846 1.000000 1.000000 1.000000
5936.541992 0.000000 3355.163330 0.000000 0.477747 0.000000 -0.878497 1.000000 1.000000 1.000000
5949.658691 0.000000 3367.893799 0.000000 0.769135 0.000000 -0.639086 1.000000 1.000000 1.000000
5947.211426 0.000000 3362.196289 0.000000 0.593234 0.000000 -0.805030 1.000000 1.000000 1.000000
5989.432617 0.000000 3343.605225 0.000000 0.365800 0.000000 -0.930693 1.000000 1.000000 1.000000
6066.584961 0.000000 3303.988037 0.000000 0.523762 0.000000 -0.851865 1.000000 1.000000 1.000000
6058.009766 0.000000 3331.030518 0.000000 0.798803 0.000000 -0.601593 1.000000 1.000000 1.000000
6056.832520 0.000000 3336.079346 0.000000 0.747787 0.000000 -0.663939 1.000000 1.000000 1.000000
6071.638184 0.000000 3348.321533 0.000000 0.728640 0.000000 -0.684897 1.000000 1.000000 1.000000
5791.758301 0.000000 3419.222168 0.000000 0.795421 0.000000 -0.606058 1.000000 1.000000 1.000000
5793.947754 0.000000 3438.536133 0.000000 0.480834 0.000000 -0.876811 1.000000 1.000000 1.000000
5949.658691 0.000000 3424.378174 0.000000 0.667258 0.000000 -0.744827 1.000000 1.000000 1.000000
5947.211426 0.000000 3475.165039 0.000000 0.688478 0.000000 -0.725257 1.000000 1.000000 1.000000
5949.507812 0.000000 3495.323730 0.000000 0.255290 0.000000 -0.966865 1.000000 1.000000 1.000000
6053.982422 0.000000 3439.324219 0.000000 0.414311 0.000000 -0.910135 1.000000 1.000000 1.000000
6050.932617 0.000000 3443.139404 0.000000 0.079684 0.000000 -0.996820 1.000000 1.000000 1.000000
6047.453613 0.000000 3462.277100 0.000000 0.316439 0.000000 -0.948613 1.000000 1.000000 1.000000
6042.979980 0.000000 3487.379639 0.000000 0.131976 0.000000 -0.991253 1.000000 1.000000 1.000000
6042.074219 0.000000 3476.063232 0.000000 0.267984 0.000000 -0.963423 1.000000 1.000000 1.000000
6051.991211 0.000000 3461.273438 0.000000 0.703534 0.000000 -0.710662 1.000000 1.000000 1.000000
5944.065918 0.000000 3527.393799 0.000000 0.765260 0.000000 -0.643721 1.000000 1.000000 1.000000
5946.807129 0.000000 3508.685791 0.000000 0.583735 0.000000 -0.811944 1.000000 1.000000 1.000000
5949.512207 0.000000 3502.057373 0.000000 0.766755 0.000000 -0.641940 1.000000 1.000000 1.000000
5949.292480 0.000000 3514.590332 0.000000 0.500391 0.000000 -0.865800 1.000000 1.000000 1.000000
5982.236816 0.000000 3554.561035 0.000000 0.712104 0.000000 -0.702074 1.000000 1.000000 1.000000
6028.552734 0.000000 3528.225342 0.000000 0.037928 0.000000 -0.999280 1.000000 1.000000 1.000000
6256.205566 0.000000 3389.036865 0.000000 0.721831 0.000000 -0.692069 1.000000 1.000000 1.000000
6246.230957 0.000000 3427.591553 0.000000 0.770164 0.000000 -0.637846 1.000000 1.000000 1.000000
6240.032227 0.000000 3426.000488 0.000000 0.552766 0.000000 -0.833336 1.000000 1.000000 1.000000
6301.237305 0.000000 3422.584717 0.000000 0.538021 0.000000 -0.842931 1.000000 1.000000 1.000000
6381.375000 0.000000 3470.468506 0.000000 0.604988 0.000000 -0.796235 1.000000 1.000000 1.000000
"}
