object={
	name="latin_dynamic_mining_objects_generator_1_0"
	clamp_to_water_level=no
	render_under_water=no
	generated_content=yes
	layer="mines_dynamic"
	pdxmesh="latin_mining_coaldepo_01_mesh"
	count=68
	transform="1647.868652 0.000000 2081.848389 0.000000 0.631105 0.000000 0.775697 0.000000 0.000000 0.000000
1655.060669 0.000000 2075.037109 0.000000 0.098840 0.000000 0.995103 0.000000 0.000000 0.000000
1651.634155 0.000000 2076.165283 0.000000 0.381243 0.000000 0.924475 0.000000 0.000000 0.000000
1638.686279 0.000000 2090.227539 0.000000 0.489675 0.000000 0.871905 0.000000 0.000000 0.000000
1642.835938 0.000000 2095.928223 0.000000 0.670245 0.000000 0.742140 1.000000 1.000000 1.000000
1644.194824 0.000000 2101.999268 0.000000 0.560929 0.000000 0.827864 0.000000 0.000000 0.000000
1648.746582 0.000000 2093.159424 0.000000 0.101772 0.000000 0.994808 1.000000 1.000000 1.000000
1638.824463 0.000000 2095.159668 0.000000 0.657780 0.000000 0.753210 0.000000 0.000000 0.000000
1643.690186 0.000000 2093.485840 0.000000 0.682111 0.000000 0.731249 1.000000 1.000000 1.000000
1647.339233 0.000000 2090.167969 0.000000 0.371676 0.000000 0.928362 1.000000 1.000000 1.000000
1747.771851 0.000000 2056.062988 0.000000 0.337444 0.000000 0.941345 0.000000 0.000000 0.000000
1760.426636 0.000000 2045.875366 0.000000 0.790143 0.000000 0.612922 0.000000 0.000000 0.000000
1745.260132 0.000000 2059.894531 0.000000 0.901622 0.000000 0.432526 0.000000 0.000000 0.000000
1758.952515 0.000000 2052.949707 0.000000 0.443319 0.000000 0.896364 1.000000 1.000000 1.000000
1764.029297 0.000000 2051.990234 0.000000 0.291303 0.000000 0.956631 0.000000 0.000000 0.000000
1761.411987 0.000000 2048.394531 0.000000 0.867387 0.000000 0.497634 0.000000 0.000000 0.000000
1747.640503 0.000000 2058.749268 0.000000 0.085946 0.000000 0.996300 1.000000 1.000000 1.000000
1747.362793 0.000000 2061.425293 0.000000 0.922393 0.000000 0.386253 1.000000 1.000000 1.000000
1761.641846 0.000000 2051.516113 0.000000 0.065292 0.000000 0.997866 0.000000 0.000000 0.000000
1693.237427 0.000000 2123.444092 0.000000 0.062464 0.000000 0.998047 0.000000 0.000000 0.000000
1720.315552 0.000000 2126.930908 0.000000 0.873401 0.000000 0.487001 0.000000 0.000000 0.000000
1712.024048 0.000000 2142.456787 0.000000 0.551440 0.000000 0.834215 0.000000 0.000000 0.000000
1702.581177 0.000000 2125.046387 0.000000 0.151882 0.000000 0.988399 1.000000 1.000000 1.000000
1703.299927 0.000000 2136.301270 0.000000 0.590843 0.000000 0.806786 1.000000 1.000000 1.000000
1703.591431 0.000000 2131.757812 0.000000 0.815983 0.000000 0.578075 1.000000 1.000000 1.000000
1697.910522 0.000000 2132.244629 0.000000 0.450100 0.000000 0.892978 0.000000 0.000000 0.000000
1754.364746 0.000000 2115.483154 0.000000 0.448033 0.000000 0.894017 0.000000 0.000000 0.000000
1760.426636 0.000000 2102.359619 0.000000 0.066268 0.000000 0.997802 0.000000 0.000000 0.000000
1755.932739 0.000000 2110.191406 0.000000 0.241044 0.000000 0.970514 0.000000 0.000000 0.000000
1732.755371 0.000000 2117.794434 0.000000 0.512417 0.000000 0.858737 0.000000 0.000000 0.000000
1751.293579 0.000000 2113.486572 0.000000 0.909248 0.000000 0.416254 0.000000 0.000000 0.000000
1757.530396 0.000000 2117.214355 0.000000 0.266056 0.000000 0.963958 1.000000 1.000000 1.000000
1757.020508 0.000000 2102.752197 0.000000 0.714599 0.000000 0.699534 0.000000 0.000000 0.000000
1744.939697 0.000000 2105.850586 0.000000 0.010068 0.000000 0.999949 0.000000 0.000000 0.000000
1755.635498 0.000000 2112.972168 0.000000 0.583545 0.000000 0.812081 0.000000 0.000000 0.000000
1756.947998 0.000000 2119.993652 0.000000 0.689724 0.000000 0.724073 0.000000 0.000000 0.000000
1730.822754 0.000000 2123.889893 0.000000 0.903382 0.000000 0.428837 0.000000 0.000000 0.000000
1736.173828 0.000000 2112.188232 0.000000 0.493443 0.000000 0.869778 1.000000 1.000000 1.000000
1739.442871 0.000000 2107.730469 0.000000 0.889625 0.000000 0.456693 0.000000 0.000000 0.000000
1756.928345 0.000000 2107.802002 0.000000 0.660287 0.000000 0.751013 1.000000 1.000000 1.000000
1583.722534 0.000000 2247.210205 0.000000 0.517707 0.000000 0.855558 0.000000 0.000000 0.000000
1558.477783 0.000000 2237.783936 0.000000 0.416932 0.000000 0.908938 0.000000 0.000000 0.000000
1588.365479 0.000000 2242.156982 0.000000 0.785575 0.000000 0.618767 0.000000 0.000000 0.000000
1562.074097 0.000000 2233.406982 0.000000 0.586184 0.000000 0.810178 0.000000 0.000000 0.000000
1565.237427 0.000000 2236.412842 0.000000 0.844783 0.000000 0.535109 0.000000 0.000000 0.000000
1584.648071 0.000000 2243.366455 0.000000 0.303805 0.000000 0.952734 0.000000 0.000000 0.000000
1587.634155 0.000000 2245.618408 0.000000 0.187172 0.000000 0.982327 0.000000 0.000000 0.000000
1552.244385 0.000000 2232.088379 0.000000 0.761627 0.000000 0.648015 0.000000 0.000000 0.000000
1548.721313 0.000000 2241.215576 0.000000 0.447711 0.000000 0.894179 0.000000 0.000000 0.000000
1550.389282 0.000000 2236.275391 0.000000 0.254765 0.000000 0.967003 0.000000 0.000000 0.000000
1700.575317 0.000000 2148.795166 0.000000 0.487620 0.000000 0.873056 1.000000 1.000000 1.000000
1452.083374 0.000000 2279.436035 0.000000 0.603307 0.000000 0.797509 0.000000 0.000000 0.000000
1455.145630 0.000000 2277.522949 0.000000 0.002094 0.000000 0.999998 0.000000 0.000000 0.000000
1455.537231 0.000000 2286.503418 0.000000 0.157262 0.000000 0.987557 0.000000 0.000000 0.000000
1468.832764 0.000000 2291.696777 0.000000 0.513675 0.000000 0.857985 0.000000 0.000000 0.000000
1467.100830 0.000000 2269.467773 0.000000 0.696592 0.000000 0.717467 0.000000 0.000000 0.000000
1459.016113 0.000000 2280.226074 0.000000 0.398778 0.000000 0.917047 1.000000 1.000000 1.000000
1466.637329 0.000000 2286.308594 0.000000 0.070641 0.000000 0.997502 1.000000 1.000000 1.000000
1457.393921 0.000000 2284.704834 0.000000 0.327581 0.000000 0.944823 1.000000 1.000000 1.000000
1472.936157 0.000000 2281.984619 0.000000 0.604658 0.000000 0.796485 1.000000 1.000000 1.000000
1536.163086 0.000000 2294.121582 0.000000 0.153798 0.000000 0.988102 0.000000 0.000000 0.000000
1549.506958 0.000000 2295.189453 0.000000 0.778095 0.000000 0.628147 0.000000 0.000000 0.000000
1540.957397 0.000000 2299.222168 0.000000 0.379764 0.000000 0.925083 0.000000 0.000000 0.000000
1555.991577 0.000000 2292.602539 0.000000 0.710798 0.000000 0.703396 0.000000 0.000000 0.000000
1550.979858 0.000000 2284.215088 0.000000 0.818007 0.000000 0.575208 1.000000 1.000000 1.000000
1556.984863 0.000000 2296.572998 0.000000 0.537131 0.000000 0.843499 1.000000 1.000000 1.000000
1548.721313 0.000000 2297.699951 0.000000 0.318377 0.000000 0.947964 1.000000 1.000000 1.000000
1553.436646 0.000000 2283.244141 0.000000 0.757850 0.000000 0.652429 1.000000 1.000000 1.000000
"}
object={
	name="latin_dynamic_mining_objects_generator_1_1"
	clamp_to_water_level=no
	render_under_water=no
	generated_content=yes
	layer="mines_dynamic"
	pdxmesh="generic_rural_mining_coaldepo_02_mesh"
	count=42
	transform="1644.662354 0.000000 2084.017578 0.000000 0.930276 0.000000 -0.366860 0.000000 0.000000 0.000000
1648.024048 0.000000 2085.972412 0.000000 0.975584 0.000000 0.219628 0.000000 0.000000 0.000000
1653.861084 0.000000 2081.503906 0.000000 0.932891 0.000000 -0.360159 1.000000 1.000000 1.000000
1640.832397 0.000000 2093.423096 0.000000 0.997941 0.000000 0.064138 0.000000 0.000000 0.000000
1636.045898 0.000000 2095.196777 0.000000 0.977400 0.000000 -0.211396 0.000000 0.000000 0.000000
1642.673462 0.000000 2090.065674 0.000000 0.976867 0.000000 0.213849 0.000000 0.000000 0.000000
1740.552612 0.000000 2059.631592 0.000000 0.967378 0.000000 -0.253339 0.000000 0.000000 0.000000
1757.020508 0.000000 2046.267822 0.000000 0.843084 0.000000 -0.537782 0.000000 0.000000 0.000000
1747.991577 0.000000 2066.665039 0.000000 0.980104 0.000000 -0.198485 0.000000 0.000000 0.000000
1752.795410 0.000000 2061.349609 0.000000 0.998760 0.000000 0.049791 1.000000 1.000000 1.000000
1753.283936 0.000000 2055.055176 0.000000 0.882045 0.000000 -0.471165 0.000000 0.000000 0.000000
1766.646362 0.000000 2065.594727 0.000000 0.944602 0.000000 -0.328219 1.000000 1.000000 1.000000
1756.928345 0.000000 2051.317627 0.000000 0.988460 0.000000 0.151483 1.000000 1.000000 1.000000
1755.190674 0.000000 2061.746826 0.000000 0.909565 0.000000 -0.415561 1.000000 1.000000 1.000000
1709.311035 0.000000 2124.271729 0.000000 0.947908 0.000000 0.318544 0.000000 0.000000 0.000000
1694.953613 0.000000 2146.174316 0.000000 0.828900 0.000000 -0.559397 0.000000 0.000000 0.000000
1719.060669 0.000000 2131.521484 0.000000 0.836791 0.000000 -0.547523 0.000000 0.000000 0.000000
1698.111450 0.000000 2121.537109 0.000000 0.971773 0.000000 -0.235918 0.000000 0.000000 0.000000
1717.633789 0.000000 2126.979004 0.000000 0.991208 0.000000 -0.132310 0.000000 0.000000 0.000000
1707.659790 0.000000 2126.101562 0.000000 0.937198 0.000000 0.348797 1.000000 1.000000 1.000000
1728.894775 0.000000 2120.221924 0.000000 0.952425 0.000000 0.304772 0.000000 0.000000 0.000000
1750.628418 0.000000 2119.948975 0.000000 0.980837 0.000000 0.194828 0.000000 0.000000 0.000000
1728.936157 0.000000 2112.531494 0.000000 0.864791 0.000000 -0.502132 0.000000 0.000000 0.000000
1752.795410 0.000000 2117.833984 0.000000 0.958045 0.000000 0.286619 0.000000 0.000000 0.000000
1749.235596 0.000000 2109.782959 0.000000 0.875047 0.000000 -0.484038 0.000000 0.000000 0.000000
1739.616333 0.000000 2119.262939 0.000000 0.915138 0.000000 -0.403141 0.000000 0.000000 0.000000
1750.077637 0.000000 2107.096436 0.000000 0.965166 0.000000 0.261640 1.000000 1.000000 1.000000
1747.640503 0.000000 2115.233643 0.000000 0.999686 0.000000 -0.025038 0.000000 0.000000 0.000000
1755.190674 0.000000 2118.231201 0.000000 0.942472 0.000000 -0.334287 1.000000 1.000000 1.000000
1552.716919 0.000000 2234.988525 0.000000 0.942547 0.000000 -0.334075 0.000000 0.000000 0.000000
1551.869995 0.000000 2239.713379 0.000000 0.978346 0.000000 0.206975 0.000000 0.000000 0.000000
1559.339966 0.000000 2235.298096 0.000000 0.909176 0.000000 -0.416413 1.000000 1.000000 1.000000
1702.824463 0.000000 2151.644043 0.000000 0.999966 0.000000 0.008280 1.000000 1.000000 1.000000
1463.531372 0.000000 2269.978760 0.000000 0.999925 0.000000 -0.012266 0.000000 0.000000 0.000000
1453.374878 0.000000 2284.296631 0.000000 0.831629 0.000000 -0.555332 0.000000 0.000000 0.000000
1469.638184 0.000000 2279.098145 0.000000 0.981309 0.000000 0.192438 0.000000 0.000000 0.000000
1470.581909 0.000000 2274.242188 0.000000 0.922765 0.000000 -0.385364 1.000000 1.000000 1.000000
1471.814697 0.000000 2277.819580 0.000000 0.993744 0.000000 0.111684 1.000000 1.000000 1.000000
1475.820923 0.000000 2273.180420 0.000000 0.882564 0.000000 -0.470193 0.000000 0.000000 0.000000
1548.526733 0.000000 2282.420898 0.000000 0.999953 0.000000 -0.009715 0.000000 0.000000 0.000000
1538.822754 0.000000 2293.343018 0.000000 0.833830 0.000000 -0.552021 0.000000 0.000000 0.000000
1555.640503 0.000000 2284.686768 0.000000 0.864414 0.000000 -0.502780 1.000000 1.000000 1.000000
"}
object={
	name="latin_dynamic_mining_objects_generator_1_2"
	clamp_to_water_level=no
	render_under_water=no
	generated_content=yes
	layer="mines_dynamic"
	pdxmesh="generic_rural_mining_pile_01_mesh"
	count=17
	transform="1651.213989 0.000000 2079.694824 0.000000 0.719822 0.000000 -0.694159 1.000000 1.000000 1.000000
1754.122314 0.000000 2044.245850 0.000000 0.738800 0.000000 -0.673925 0.000000 0.000000 0.000000
1755.131470 0.000000 2049.558594 0.000000 0.791949 0.000000 -0.610587 0.000000 0.000000 0.000000
1762.735840 0.000000 2073.090576 0.000000 0.765932 0.000000 -0.642922 0.000000 0.000000 0.000000
1744.244385 0.000000 2062.635254 0.000000 0.804650 0.000000 -0.593750 0.000000 0.000000 0.000000
1720.551025 0.000000 2122.781006 0.000000 0.701287 0.000000 -0.712879 0.000000 0.000000 0.000000
1695.334473 0.000000 2130.907227 0.000000 0.723436 0.000000 -0.690392 0.000000 0.000000 0.000000
1715.402588 0.000000 2143.889160 0.000000 0.729190 0.000000 -0.684312 0.000000 0.000000 0.000000
1737.604492 0.000000 2117.376221 0.000000 0.746544 0.000000 -0.665337 1.000000 1.000000 1.000000
1740.112305 0.000000 2104.828613 0.000000 0.801510 0.000000 -0.597982 0.000000 0.000000 0.000000
1761.448853 0.000000 2113.218750 0.000000 0.678811 0.000000 -0.734313 0.000000 0.000000 0.000000
1752.535645 0.000000 2106.276855 0.000000 0.736698 0.000000 -0.676222 0.000000 0.000000 0.000000
1469.738403 0.000000 2287.624268 0.000000 0.747073 0.000000 -0.664743 1.000000 1.000000 1.000000
1452.051758 0.000000 2291.469238 0.000000 0.679364 0.000000 -0.733801 0.000000 0.000000 0.000000
1462.158813 0.000000 2291.434814 0.000000 0.670130 0.000000 -0.742244 0.000000 0.000000 0.000000
1565.237427 0.000000 2292.897217 0.000000 0.807375 0.000000 -0.590039 0.000000 0.000000 0.000000
1561.681030 0.000000 2293.152588 0.000000 0.675765 0.000000 -0.737117 0.000000 0.000000 0.000000
"}
object={
	name="latin_dynamic_mining_objects_generator_1_3"
	clamp_to_water_level=no
	render_under_water=no
	generated_content=yes
	layer="mines_dynamic"
	pdxmesh="generic_rural_mining_pile_02_mesh"
	count=8
	transform="1755.635498 0.000000 2056.487793 0.000000 0.625771 0.000000 -0.780007 1.000000 1.000000 1.000000
1762.111450 0.000000 2065.052734 0.000000 0.618029 0.000000 -0.786155 1.000000 1.000000 1.000000
1712.648071 0.000000 2130.397705 0.000000 0.599395 0.000000 -0.800454 0.000000 0.000000 0.000000
1753.283936 0.000000 2111.539551 0.000000 0.474167 0.000000 -0.880435 0.000000 0.000000 0.000000
1738.329468 0.000000 2114.626465 0.000000 0.586889 0.000000 -0.809668 0.000000 0.000000 0.000000
1742.686646 0.000000 2104.513428 0.000000 0.522127 0.000000 -0.852868 0.000000 0.000000 0.000000
1554.230469 0.000000 2240.926270 0.000000 0.480463 0.000000 -0.877015 0.000000 0.000000 0.000000
1551.869995 0.000000 2296.197754 0.000000 0.615168 0.000000 -0.788396 1.000000 1.000000 1.000000
"}
object={
	name="latin_dynamic_mining_objects_generator_1_4"
	clamp_to_water_level=no
	render_under_water=no
	generated_content=yes
	layer="mines_dynamic"
	pdxmesh="generic_rural_mining_entrance_01_mesh"
	count=14
	transform="1645.386597 0.000000 2088.144531 0.000000 0.420099 0.000000 -0.907478 0.000000 0.000000 0.000000
1761.448853 0.000000 2056.734375 0.000000 0.402869 0.000000 -0.915257 1.000000 1.000000 1.000000
1764.759888 0.000000 2054.813721 0.000000 0.247011 0.000000 -0.969013 1.000000 1.000000 1.000000
1756.947998 0.000000 2063.509277 0.000000 0.288388 0.000000 -0.957514 1.000000 1.000000 1.000000
1751.339966 0.000000 2065.844971 0.000000 0.457906 0.000000 -0.889001 1.000000 1.000000 1.000000
1702.535767 0.000000 2119.429932 0.000000 0.352901 0.000000 -0.935661 0.000000 0.000000 0.000000
1698.857544 0.000000 2119.050781 0.000000 0.351861 0.000000 -0.936052 0.000000 0.000000 0.000000
1714.798096 0.000000 2126.603027 0.000000 0.361623 0.000000 -0.932324 1.000000 1.000000 1.000000
1745.260132 0.000000 2116.378906 0.000000 0.258586 0.000000 -0.965988 0.000000 0.000000 0.000000
1760.448975 0.000000 2115.917236 0.000000 0.378565 0.000000 -0.925575 0.000000 0.000000 0.000000
1748.094971 0.000000 2105.322754 0.000000 0.458043 0.000000 -0.888930 1.000000 1.000000 1.000000
1694.961914 0.000000 2147.367676 0.000000 0.308561 0.000000 -0.951205 0.000000 0.000000 0.000000
1469.032837 0.000000 2281.562988 0.000000 0.350228 0.000000 -0.936664 0.000000 0.000000 0.000000
1549.872192 0.000000 2287.777588 0.000000 0.461859 0.000000 -0.886953 0.000000 0.000000 0.000000
"}
object={
	name="latin_dynamic_mining_objects_generator_1_5"
	clamp_to_water_level=no
	render_under_water=no
	generated_content=yes
	layer="mines_dynamic"
	pdxmesh="generic_rural_mining_entrance_02_mesh"
	count=14
	transform="1766.535767 0.000000 2062.945557 0.000000 0.202945 0.000000 -0.979190 0.000000 0.000000 0.000000
1760.448975 0.000000 2059.432861 0.000000 0.085912 0.000000 -0.996303 1.000000 1.000000 1.000000
1715.634155 0.000000 2132.649658 0.000000 0.196324 0.000000 -0.980539 0.000000 0.000000 0.000000
1699.666992 0.000000 2126.408203 0.000000 0.230623 0.000000 -0.973043 0.000000 0.000000 0.000000
1729.017578 0.000000 2116.614990 0.000000 0.185902 0.000000 -0.982568 0.000000 0.000000 0.000000
1740.552612 0.000000 2116.115967 0.000000 0.181350 0.000000 -0.983419 0.000000 0.000000 0.000000
1741.099609 0.000000 2109.698486 0.000000 0.142324 0.000000 -0.989820 0.000000 0.000000 0.000000
1758.952515 0.000000 2109.434082 0.000000 0.115884 0.000000 -0.993263 1.000000 1.000000 1.000000
1753.706665 0.000000 2103.561279 0.000000 0.036016 0.000000 -0.999351 1.000000 1.000000 1.000000
1555.991577 0.000000 2236.118164 0.000000 0.036452 0.000000 -0.999335 0.000000 0.000000 0.000000
1553.360962 0.000000 2249.051025 0.000000 0.219306 0.000000 -0.975656 0.000000 0.000000 0.000000
1466.504395 0.000000 2283.133789 0.000000 0.212047 0.000000 -0.977259 1.000000 1.000000 1.000000
1461.519043 0.000000 2286.000488 0.000000 0.126382 0.000000 -0.991982 1.000000 1.000000 1.000000
1559.935669 0.000000 2296.430176 0.000000 0.237012 0.000000 -0.971507 1.000000 1.000000 1.000000
"}
