object={
	name="oak_generator_1_0"
	clamp_to_water_level=no
	render_under_water=no
	generated_content=yes
	layer="semidynamic"
	pdxmesh="oak_tree_01_mesh"
	count=5
	transform="4578.111328 0.000000 709.427673 0.000000 0.222017 0.000000 0.975043 0.330051 0.330051 0.330051
7409.519043 0.000000 514.689026 0.000000 0.179270 0.000000 0.983800 0.333172 0.333172 0.333172
7410.318359 0.000000 508.565277 0.000000 0.262399 0.000000 0.964960 0.332778 0.332778 0.332778
7409.687988 0.000000 517.311951 0.000000 0.337968 0.000000 0.941157 0.330824 0.330824 0.330824
7441.436523 0.000000 475.744019 0.000000 0.420834 0.000000 0.907138 0.330438 0.330438 0.330438
"}
object={
	name="oak_generator_1_1"
	clamp_to_water_level=no
	render_under_water=no
	generated_content=yes
	layer="semidynamic"
	pdxmesh="oak_tree_02_mesh"
	count=2
	transform="7437.612305 0.000000 455.003601 0.000000 0.754751 0.000000 0.656011 0.337402 0.337402 0.337402
7433.322266 0.000000 470.842621 0.000000 0.884800 0.000000 0.465972 0.341910 0.341910 0.341910
"}
object={
	name="oak_generator_1_2"
	clamp_to_water_level=no
	render_under_water=no
	generated_content=yes
	layer="semidynamic"
	pdxmesh="oak_tree_03_mesh"
	count=7
	transform="4573.237305 0.000000 711.334717 0.000000 0.976678 0.000000 0.214709 0.347268 0.347268 0.347268
7408.205566 0.000000 508.333740 0.000000 0.983212 0.000000 -0.182465 0.352886 0.352886 0.352886
7444.968750 0.000000 504.000092 0.000000 0.998521 0.000000 -0.054366 0.350613 0.350613 0.350613
7431.671387 0.000000 476.731567 0.000000 0.991149 0.000000 0.132756 0.347865 0.347865 0.347865
7439.272949 0.000000 473.793549 0.000000 0.987320 0.000000 -0.158744 0.351832 0.351832 0.351832
7453.237305 0.000000 485.397217 0.000000 0.994273 0.000000 -0.106873 0.351455 0.351455 0.351455
7447.348633 0.000000 504.873474 0.000000 0.993455 0.000000 -0.114222 0.352491 0.352491 0.352491
"}
object={
	name="oak_generator_1_3"
	clamp_to_water_level=no
	render_under_water=no
	generated_content=yes
	layer="semidynamic"
	pdxmesh="oak_tree_04_mesh"
	count=4
	transform="7458.735840 0.000000 491.528046 0.000000 0.864692 0.000000 -0.502303 0.357472 0.357472 0.357472
7433.084961 0.000000 462.692871 0.000000 0.865328 0.000000 -0.501206 0.358188 0.358188 0.358188
7427.820801 0.000000 465.680389 0.000000 0.933766 0.000000 -0.357884 0.357595 0.357595 0.357595
7426.552734 0.000000 507.951233 0.000000 0.868394 0.000000 -0.495874 0.359316 0.359316 0.359316
"}
object={
	name="oak_generator_1_4"
	clamp_to_water_level=no
	render_under_water=no
	generated_content=yes
	layer="semidynamic"
	pdxmesh="oak_tree_dense_01_mesh"
	count=5
	transform="7408.023926 0.000000 504.410034 0.000000 0.369096 0.000000 -0.929391 0.367666 0.367666 0.367666
7408.746582 0.000000 511.597046 0.000000 0.101769 0.000000 -0.994808 0.371626 0.371626 0.371626
7450.074219 0.000000 482.391418 0.000000 0.463911 0.000000 -0.885882 0.363885 0.363885 0.363885
7424.098633 0.000000 458.823975 0.000000 0.237193 0.000000 -0.971463 0.374080 0.374080 0.374080
7428.248535 0.000000 473.174866 0.000000 0.385435 0.000000 -0.922735 0.373463 0.373463 0.373463
"}
