object={
	name="pine_dense_generator_1_0"
	clamp_to_water_level=no
	render_under_water=no
	generated_content=yes
	layer="semidynamic"
	pdxmesh="tree_fir_001_mesh"
	count=0
}
object={
	name="pine_dense_generator_1_1"
	clamp_to_water_level=no
	render_under_water=no
	generated_content=yes
	layer="semidynamic"
	pdxmesh="tree_fir_002_mesh"
	count=46
	transform="42.009567 0.000000 3274.546143 0.000000 0.159012 0.000000 0.987277 0.380413 0.380413 0.380413
84.968513 0.000000 3271.734375 0.000000 0.510823 0.000000 0.859686 0.386723 0.386723 0.386723
155.595108 0.000000 3270.133057 0.000000 0.279503 0.000000 0.960145 0.416712 0.416712 0.416712
145.360931 0.000000 3265.769775 0.000000 0.191357 0.000000 0.981521 0.477265 0.477265 0.477265
58.807110 0.000000 3282.748291 0.000000 0.450338 0.000000 0.892858 0.385617 0.385617 0.385617
12.457558 0.000000 3327.869629 0.000000 0.513523 0.000000 0.858076 0.443768 0.443768 0.443768
42.835903 0.000000 3282.100098 0.000000 0.599157 0.000000 0.800631 0.436092 0.436092 0.436092
57.384567 0.000000 3332.345459 0.000000 0.537130 0.000000 0.843500 0.459807 0.459807 0.459807
43.690216 0.000000 3279.657715 0.000000 0.048093 0.000000 0.998843 0.453684 0.453684 0.453684
23.340023 0.000000 3308.501221 0.000000 0.313883 0.000000 0.949462 0.558101 0.558101 0.558101
1.118544 0.000000 3320.823975 0.000000 0.329156 0.000000 0.944276 0.495555 0.495555 0.495555
122.807114 0.000000 3282.748291 0.000000 0.420795 0.000000 0.907156 0.385133 0.385133 0.385133
114.318436 0.000000 3276.299561 0.000000 0.279797 0.000000 0.960059 0.390840 0.390840 0.390840
76.526733 0.000000 3299.139648 0.000000 0.232674 0.000000 0.972555 0.446071 0.446071 0.446071
64.936134 0.000000 3298.703369 0.000000 0.422003 0.000000 0.906594 0.471195 0.471195 0.471195
65.451508 0.000000 3285.486084 0.000000 0.641631 0.000000 0.767013 0.470899 0.470899 0.470899
84.984848 0.000000 3313.291748 0.000000 0.593526 0.000000 0.804815 0.471987 0.471987 0.471987
87.068283 0.000000 3280.604980 0.000000 0.452676 0.000000 0.891675 0.484850 0.484850 0.484850
86.077621 0.000000 3293.268311 0.000000 0.277272 0.000000 0.960791 0.473562 0.473562 0.473562
70.363693 0.000000 3285.606445 0.000000 0.289941 0.000000 0.957045 0.500253 0.500253 0.500253
74.235733 0.000000 3319.778076 0.000000 0.250657 0.000000 0.968076 0.523009 0.523009 0.523009
2.396606 0.000000 3334.440186 0.000000 0.299525 0.000000 0.954089 0.382672 0.382672 0.382672
17.256926 0.000000 3367.292969 0.000000 0.393244 0.000000 0.919434 0.383690 0.383690 0.383690
45.433887 0.000000 3362.307373 0.000000 0.066495 0.000000 0.997787 0.379514 0.379514 0.379514
0.009782 0.000000 3374.770752 0.000000 0.637265 0.000000 0.770644 0.497182 0.497182 0.497182
32.448994 0.000000 3358.573486 0.000000 0.465680 0.000000 0.884953 0.509751 0.509751 0.509751
9.278112 0.000000 3382.661621 0.000000 0.052313 0.000000 0.998631 0.428806 0.428806 0.428806
0.042355 0.000000 3332.585449 0.000000 0.467933 0.000000 0.883764 0.481728 0.481728 0.481728
25.283907 0.000000 3354.195801 0.000000 0.016661 0.000000 0.999861 0.479884 0.479884 0.479884
33.491734 0.000000 3338.473389 0.000000 0.114141 0.000000 0.993465 0.505743 0.505743 0.505743
57.460709 0.000000 3332.681396 0.000000 0.307745 0.000000 0.951469 0.454593 0.454593 0.454593
44.051785 0.000000 3364.672363 0.000000 0.548023 0.000000 0.836463 0.480298 0.480298 0.480298
53.428066 0.000000 3350.419434 0.000000 0.091338 0.000000 0.995820 0.495104 0.495104 0.495104
92.793762 0.000000 3335.419922 0.000000 0.110439 0.000000 0.993883 0.380899 0.380899 0.380899
64.098709 0.000000 3339.527100 0.000000 0.377954 0.000000 0.925824 0.383753 0.383753 0.383753
93.020523 0.000000 3345.408447 0.000000 0.614904 0.000000 0.788602 0.424355 0.424355 0.424355
100.575264 0.000000 3334.967041 0.000000 0.632512 0.000000 0.774550 0.489851 0.489851 0.489851
93.958832 0.000000 3342.778564 0.000000 0.519494 0.000000 0.854474 0.488991 0.488991 0.488991
159.453522 0.000000 3292.823975 0.000000 0.314079 0.000000 0.949397 0.383630 0.383630 0.383630
132.948593 0.000000 3276.208740 0.000000 0.486285 0.000000 0.873801 0.433649 0.433649 0.433649
155.678024 0.000000 3281.107910 0.000000 0.163599 0.000000 0.986527 0.474343 0.474343 0.474343
38.346775 0.000000 3499.804443 0.000000 0.234236 0.000000 0.972180 0.501056 0.501056 0.501056
9.866176 0.000000 3484.619141 0.000000 0.018748 0.000000 0.999824 0.427048 0.427048 0.427048
10.235731 0.000000 3489.231201 0.000000 0.502394 0.000000 0.864639 0.523702 0.523702 0.523702
2.552782 0.000000 3501.623047 0.000000 0.424284 0.000000 0.905529 0.558009 0.558009 0.558009
20.569408 0.000000 3507.417725 0.000000 0.542338 0.000000 0.840160 0.386601 0.386601 0.386601
"}
object={
	name="pine_dense_generator_1_2"
	clamp_to_water_level=no
	render_under_water=no
	generated_content=yes
	layer="semidynamic"
	pdxmesh="tree_fir_003_mesh"
	count=37
	transform="102.646332 0.000000 3251.766602 0.000000 0.988642 0.000000 0.150290 0.479878 0.479878 0.479878
117.633766 0.000000 3256.666504 0.000000 0.741724 0.000000 0.670705 0.520066 0.520066 0.520066
146.230423 0.000000 3257.645020 0.000000 0.873421 0.000000 0.486966 0.432437 0.432437 0.432437
142.604950 0.000000 3267.186279 0.000000 0.876270 0.000000 0.481820 0.536048 0.536048 0.536048
130.552780 0.000000 3275.685547 0.000000 0.939361 0.000000 0.342931 0.541447 0.541447 0.541447
40.974636 0.000000 3287.615234 0.000000 0.864548 0.000000 0.502551 0.420860 0.420860 0.420860
50.798107 0.000000 3312.774902 0.000000 0.961963 0.000000 0.273179 0.496382 0.496382 0.496382
53.633766 0.000000 3313.150879 0.000000 0.792227 0.000000 0.610226 0.491513 0.491513 0.491513
85.705017 0.000000 3302.961426 0.000000 0.961541 0.000000 0.274661 0.396430 0.396430 0.396430
76.978470 0.000000 3276.829834 0.000000 0.999840 0.000000 0.017913 0.399769 0.399769 0.399769
68.763565 0.000000 3312.285889 0.000000 0.881269 0.000000 0.472616 0.405069 0.405069 0.405069
122.462234 0.000000 3293.163818 0.000000 0.796622 0.000000 0.604477 0.439924 0.439924 0.439924
74.072250 0.000000 3332.265869 0.000000 0.768612 0.000000 0.639715 0.493092 0.493092 0.493092
99.200424 0.000000 3288.890625 0.000000 0.975168 0.000000 0.221467 0.468123 0.468123 0.468123
103.591423 0.000000 3317.929688 0.000000 0.976301 0.000000 0.216418 0.510505 0.510505 0.510505
66.822769 0.000000 3310.061768 0.000000 0.970407 0.000000 0.241476 0.483063 0.483063 0.483063
76.721344 0.000000 3314.418701 0.000000 0.832621 0.000000 0.553844 0.468354 0.468354 0.468354
78.389336 0.000000 3309.478516 0.000000 0.826755 0.000000 0.562562 0.517504 0.517504 0.517504
48.542023 0.000000 3355.163330 0.000000 0.833769 0.000000 0.552113 0.392173 0.392173 0.392173
33.099709 0.000000 3366.527832 0.000000 0.961678 0.000000 0.274182 0.502725 0.502725 0.502725
6.508041 0.000000 3384.669189 0.000000 0.831545 0.000000 0.555458 0.453433 0.453433 0.453433
38.581123 0.000000 3367.702637 0.000000 0.965857 0.000000 0.259077 0.576892 0.576892 0.576892
10.072254 0.000000 3388.750244 0.000000 0.824358 0.000000 0.566069 0.448226 0.448226 0.448226
7.437282 0.000000 3387.621826 0.000000 0.811480 0.000000 0.584381 0.482397 0.482397 0.482397
20.094954 0.000000 3347.979004 0.000000 0.732222 0.000000 0.681067 0.474783 0.474783 0.474783
24.795364 0.000000 3360.490234 0.000000 0.921745 0.000000 0.387797 0.453294 0.453294 0.453294
27.635559 0.000000 3355.628418 0.000000 0.727722 0.000000 0.685873 0.483160 0.483160 0.483160
61.738361 0.000000 3360.827393 0.000000 0.984895 0.000000 0.173152 0.470387 0.470387 0.470387
6.363694 0.000000 3342.090820 0.000000 0.978960 0.000000 0.204052 0.495421 0.495421 0.495421
37.463818 0.000000 3340.183594 0.000000 0.994596 0.000000 0.103820 0.530038 0.530038 0.530038
56.742149 0.000000 3362.471924 0.000000 0.894287 0.000000 0.447494 0.510911 0.510911 0.510911
78.686684 0.000000 3347.169678 0.000000 0.997710 0.000000 0.067643 0.530960 0.530960 0.530960
147.991608 0.000000 3309.321289 0.000000 0.810624 0.000000 0.585567 0.446542 0.446542 0.446542
128.042358 0.000000 3276.101074 0.000000 0.938978 0.000000 0.343978 0.532591 0.532591 0.532591
8.908510 0.000000 3491.446777 0.000000 0.775941 0.000000 0.630805 0.452870 0.452870 0.452870
28.793758 0.000000 3504.873047 0.000000 0.943341 0.000000 0.331825 0.408642 0.408642 0.408642
34.900955 0.000000 3502.095947 0.000000 0.952872 0.000000 0.303372 0.528653 0.528653 0.528653
"}
object={
	name="pine_dense_generator_1_3"
	clamp_to_water_level=no
	render_under_water=no
	generated_content=yes
	layer="semidynamic"
	pdxmesh="tree_fir_004_mesh"
	count=38
	transform="94.236908 0.000000 3272.139160 0.000000 0.966255 0.000000 -0.257589 0.403460 0.403460 0.403460
102.581123 0.000000 3254.733887 0.000000 0.788014 0.000000 -0.615658 0.571836 0.571836 0.571836
127.976585 0.000000 3270.224854 0.000000 0.770771 0.000000 -0.637113 0.526523 0.526523 0.526523
135.437286 0.000000 3274.653076 0.000000 0.813733 0.000000 -0.581239 0.552597 0.552597 0.552597
140.375214 0.000000 3274.277100 0.000000 0.919476 0.000000 -0.393145 0.545662 0.545662 0.545662
31.334412 0.000000 3317.079102 0.000000 0.995655 0.000000 -0.093116 0.419076 0.419076 0.419076
38.686340 0.000000 3276.399414 0.000000 0.946852 0.000000 -0.321668 0.430708 0.430708 0.430708
33.099709 0.000000 3310.043457 0.000000 0.993299 0.000000 -0.115574 0.452404 0.452404 0.452404
59.100796 0.000000 3286.186523 0.000000 0.878097 0.000000 -0.478482 0.561822 0.561822 0.561822
17.722639 0.000000 3328.270996 0.000000 0.760194 0.000000 -0.649696 0.461624 0.461624 0.461624
29.423063 0.000000 3314.645508 0.000000 0.993172 0.000000 -0.116657 0.604317 0.604317 0.604317
61.738361 0.000000 3304.343018 0.000000 0.838492 0.000000 -0.544914 0.547318 0.547318 0.547318
16.716866 0.000000 3308.191650 0.000000 0.857358 0.000000 -0.514721 0.549167 0.549167 0.549167
49.393936 0.000000 3301.423584 0.000000 0.993472 0.000000 -0.114072 0.534262 0.534262 0.534262
111.663208 0.000000 3286.105713 0.000000 0.776228 0.000000 -0.630452 0.440491 0.440491 0.440491
67.510956 0.000000 3323.021729 0.000000 0.932952 0.000000 -0.360002 0.493345 0.493345 0.493345
88.535683 0.000000 3292.448730 0.000000 0.997664 0.000000 -0.068311 0.498892 0.498892 0.498892
107.095459 0.000000 3290.412354 0.000000 0.773141 0.000000 -0.634235 0.543155 0.543155 0.543155
56.065750 0.000000 3357.940674 0.000000 0.959633 0.000000 -0.281256 0.403673 0.403673 0.403673
14.604953 0.000000 3380.155029 0.000000 0.719084 0.000000 -0.694924 0.517119 0.517119 0.517119
44.352146 0.000000 3349.839111 0.000000 0.999380 0.000000 -0.035197 0.507342 0.507342 0.507342
20.832733 0.000000 3345.157715 0.000000 0.998933 0.000000 -0.046181 0.507593 0.507593 0.507593
20.984850 0.000000 3369.776123 0.000000 0.773019 0.000000 -0.634382 0.523657 0.523657 0.523657
7.408907 0.000000 3350.415527 0.000000 0.873808 0.000000 -0.486271 0.514052 0.514052 0.514052
63.814640 0.000000 3351.022705 0.000000 0.964831 0.000000 -0.262872 0.554198 0.554198 0.554198
68.048035 0.000000 3340.928223 0.000000 0.995819 0.000000 -0.091349 0.413784 0.413784 0.413784
76.112297 0.000000 3347.484863 0.000000 0.721424 0.000000 -0.692494 0.552110 0.552110 0.552110
164.029358 0.000000 3294.646484 0.000000 0.934203 0.000000 -0.356741 0.506777 0.506777 0.506777
128.090134 0.000000 3279.389404 0.000000 0.839216 0.000000 -0.543798 0.590193 0.590193 0.590193
144.716858 0.000000 3308.191650 0.000000 0.954206 0.000000 -0.299150 0.524248 0.524248 0.524248
15.130927 0.000000 3484.918701 0.000000 0.716776 0.000000 -0.697304 0.441944 0.441944 0.441944
9.640952 0.000000 3498.734619 0.000000 0.997168 0.000000 -0.075201 0.403026 0.403026 0.403026
0.156715 0.000000 3500.447021 0.000000 0.765063 0.000000 -0.643956 0.526730 0.526730 0.526730
2.396606 0.000000 3503.893311 0.000000 0.758676 0.000000 -0.651468 0.496333 0.496333 0.496333
7.914793 0.000000 3503.868164 0.000000 0.959619 0.000000 -0.281303 0.589712 0.589712 0.589712
11.786283 0.000000 3507.084229 0.000000 0.986873 0.000000 -0.161498 0.428075 0.428075 0.428075
15.831329 0.000000 3506.203125 0.000000 0.883323 0.000000 -0.468765 0.433264 0.433264 0.433264
4.948599 0.000000 3502.146240 0.000000 0.720287 0.000000 -0.693676 0.625377 0.625377 0.625377
"}
object={
	name="pine_dense_generator_1_4"
	clamp_to_water_level=no
	render_under_water=no
	generated_content=yes
	layer="semidynamic"
	pdxmesh="tree_fir_005_mesh"
	count=44
	transform="137.604477 0.000000 3247.063721 0.000000 0.176512 0.000000 -0.984298 0.636940 0.636940 0.636940
156.380157 0.000000 3274.459717 0.000000 0.094474 0.000000 -0.995527 0.498857 0.498857 0.498857
142.979874 0.000000 3244.449463 0.000000 0.178934 0.000000 -0.983861 0.532467 0.532467 0.532467
135.142914 0.000000 3246.993896 0.000000 0.675836 0.000000 -0.737052 0.621910 0.621910 0.621910
47.663208 0.000000 3286.105713 0.000000 0.097283 0.000000 -0.995257 0.454801 0.454801 0.454801
41.967705 0.000000 3305.911621 0.000000 0.240875 0.000000 -0.970556 0.536922 0.536922 0.536922
44.194828 0.000000 3288.171143 0.000000 0.329820 0.000000 -0.944044 0.534797 0.534797 0.534797
38.469555 0.000000 3302.687744 0.000000 0.678856 0.000000 -0.734272 0.529636 0.529636 0.529636
44.352146 0.000000 3293.354736 0.000000 0.092478 0.000000 -0.995715 0.562744 0.562744 0.562744
44.128105 0.000000 3303.535156 0.000000 0.500608 0.000000 -0.865674 0.497571 0.497571 0.497571
43.601616 0.000000 3328.993896 0.000000 0.346070 0.000000 -0.938209 0.544604 0.544604 0.544604
43.095455 0.000000 3290.412354 0.000000 0.260939 0.000000 -0.965355 0.592502 0.592502 0.592502
100.276176 0.000000 3309.340576 0.000000 0.573214 0.000000 -0.819405 0.415550 0.415550 0.415550
89.917198 0.000000 3320.859863 0.000000 0.578384 0.000000 -0.815765 0.471668 0.471668 0.471668
76.083702 0.000000 3321.607666 0.000000 0.280347 0.000000 -0.959899 0.487885 0.487885 0.487885
76.375214 0.000000 3330.761475 0.000000 0.590612 0.000000 -0.806956 0.635796 0.635796 0.635796
97.910469 0.000000 3318.416504 0.000000 0.173410 0.000000 -0.984850 0.542937 0.542937 0.542937
97.411980 0.000000 3291.050781 0.000000 0.683981 0.000000 -0.729500 0.627372 0.627372 0.627372
72.173828 0.000000 3298.360107 0.000000 0.314202 0.000000 -0.949356 0.535174 0.535174 0.535174
92.928299 0.000000 3293.973877 0.000000 0.000212 0.000000 -1.000000 0.526024 0.526024 0.526024
91.678017 0.000000 3281.107910 0.000000 0.446118 0.000000 -0.894974 0.533349 0.533349 0.533349
127.814636 0.000000 3294.538330 0.000000 0.635693 0.000000 -0.771942 0.525307 0.525307 0.525307
78.401901 0.000000 3317.789551 0.000000 0.040922 0.000000 -0.999162 0.610819 0.610819 0.610819
1.319075 0.000000 3371.466553 0.000000 0.554440 0.000000 -0.832223 0.412714 0.412714 0.412714
51.863510 0.000000 3356.950928 0.000000 0.007593 0.000000 -0.999971 0.453333 0.453333 0.453333
59.100796 0.000000 3342.670898 0.000000 0.374277 0.000000 -0.927317 0.565756 0.565756 0.565756
55.819290 0.000000 3351.408936 0.000000 0.192304 0.000000 -0.981335 0.511572 0.511572 0.511572
51.016064 0.000000 3353.429199 0.000000 0.626755 0.000000 -0.779216 0.466348 0.466348 0.466348
48.746593 0.000000 3335.815674 0.000000 0.271120 0.000000 -0.962546 0.485165 0.485165 0.485165
3.820880 0.000000 3346.383545 0.000000 0.487067 0.000000 -0.873364 0.613322 0.613322 0.613322
17.360935 0.000000 3378.738525 0.000000 0.374448 0.000000 -0.927248 0.504736 0.504736 0.504736
23.408079 0.000000 3344.416260 0.000000 0.367993 0.000000 -0.929828 0.565929 0.565929 0.565929
14.650765 0.000000 3382.918945 0.000000 0.044006 0.000000 -0.999031 0.535511 0.535511 0.535511
11.442867 0.000000 3350.386719 0.000000 0.699006 0.000000 -0.715116 0.510740 0.510740 0.510740
15.869938 0.000000 3369.400879 0.000000 0.073632 0.000000 -0.997285 0.548261 0.548261 0.548261
66.356850 0.000000 3337.476318 0.000000 0.652950 0.000000 -0.757401 0.471339 0.471339 0.471339
139.929565 0.000000 3288.099609 0.000000 0.553292 0.000000 -0.832987 0.414489 0.414489 0.414489
137.084747 0.000000 3286.911621 0.000000 0.677772 0.000000 -0.735272 0.472126 0.472126 0.472126
150.782501 0.000000 3283.397217 0.000000 0.636338 0.000000 -0.771411 0.497052 0.497052 0.497052
26.979828 0.000000 3487.379639 0.000000 0.165824 0.000000 -0.986155 0.622215 0.622215 0.622215
11.941936 0.000000 3487.350830 0.000000 0.228889 0.000000 -0.973453 0.646864 0.646864 0.646864
7.437282 0.000000 3500.590576 0.000000 0.509802 0.000000 -0.860292 0.637627 0.637627 0.637627
23.491865 0.000000 3502.662842 0.000000 0.701069 0.000000 -0.713093 0.427043 0.427043 0.427043
18.283546 0.000000 3503.164062 0.000000 0.031285 0.000000 -0.999511 0.442705 0.442705 0.442705
"}
