object={
	name="pine_sparse_generator_1_0"
	clamp_to_water_level=no
	render_under_water=no
	generated_content=yes
	layer="semidynamic"
	pdxmesh="tree_fir_001_mesh"
	count=78
	transform="1279.586426 0.000000 2538.747070 0.000000 0.257708 0.000000 0.966223 0.382010 0.382010 0.382010
1271.062500 0.000000 2536.330078 0.000000 0.462245 0.000000 0.886752 0.651890 0.651890 0.651890
1274.504395 0.000000 2565.555664 0.000000 0.290801 0.000000 0.956784 0.502851 0.502851 0.502851
1277.738403 0.000000 2570.046143 0.000000 0.417086 0.000000 0.908867 0.450286 0.450286 0.450286
1274.637329 0.000000 2681.699219 0.000000 0.232242 0.000000 0.972658 0.432383 0.432383 0.432383
1294.604980 0.000000 2589.373779 0.000000 0.501679 0.000000 0.865054 0.659527 0.659527 0.659527
1528.065796 0.000000 2567.159424 0.000000 0.036619 0.000000 0.999329 0.465646 0.465646 0.465646
1534.419189 0.000000 2583.944092 0.000000 0.531687 0.000000 0.846941 0.465467 0.465467 0.465467
1530.385132 0.000000 2544.388916 0.000000 0.563446 0.000000 0.826153 0.506242 0.506242 0.506242
1530.504395 0.000000 2565.555664 0.000000 0.031036 0.000000 0.999518 0.398834 0.398834 0.398834
1489.664795 0.000000 2548.452881 0.000000 0.271747 0.000000 0.962369 0.393588 0.393588 0.393588
1289.400879 0.000000 2614.400391 0.000000 0.487785 0.000000 0.872964 0.477138 0.477138 0.477138
1309.423096 0.000000 2636.833008 0.000000 0.227991 0.000000 0.973663 0.480210 0.480210 0.480210
1312.448975 0.000000 2680.760986 0.000000 0.123112 0.000000 0.992393 0.385986 0.385986 0.385986
1289.084717 0.000000 2665.583496 0.000000 0.582573 0.000000 0.812779 0.406091 0.406091 0.406091
1316.759888 0.000000 2676.141846 0.000000 0.509133 0.000000 0.860688 0.508381 0.508381 0.508381
1280.090088 0.000000 2658.061279 0.000000 0.503481 0.000000 0.864006 0.459373 0.459373 0.459373
1386.009521 0.000000 2709.702393 0.000000 0.342291 0.000000 0.939594 0.436203 0.436203 0.436203
1402.631714 0.000000 2689.902100 0.000000 0.418971 0.000000 0.908000 0.392265 0.392265 0.392265
1479.979980 0.000000 2640.416504 0.000000 0.506068 0.000000 0.862493 0.461247 0.461247 0.461247
1502.060669 0.000000 2646.436035 0.000000 0.087308 0.000000 0.996181 0.443889 0.443889 0.443889
1525.013428 0.000000 2632.927490 0.000000 0.504534 0.000000 0.863392 0.461212 0.461212 0.461212
1499.595093 0.000000 2648.804932 0.000000 0.555037 0.000000 0.831825 0.558379 0.558379 0.558379
1478.056885 0.000000 2643.218994 0.000000 0.480824 0.000000 0.876817 0.427979 0.427979 0.427979
1434.074097 0.000000 2685.281982 0.000000 0.261439 0.000000 0.965220 0.382455 0.382455 0.382455
1725.212891 0.000000 2397.735596 0.000000 0.521428 0.000000 0.853296 0.445204 0.445204 0.445204
1728.894775 0.000000 2402.643799 0.000000 0.062469 0.000000 0.998047 0.466176 0.466176 0.466176
1714.585205 0.000000 2456.722412 0.000000 0.462151 0.000000 0.886801 0.454845 0.454845 0.454845
1715.213989 0.000000 2475.085449 0.000000 0.364299 0.000000 0.931282 0.383252 0.383252 0.383252
1711.917358 0.000000 2465.610107 0.000000 0.366294 0.000000 0.930499 0.472575 0.472575 0.472575
1723.100830 0.000000 2438.920898 0.000000 0.177495 0.000000 0.984122 0.574760 0.574760 0.574760
1537.884644 0.000000 2536.364990 0.000000 0.504073 0.000000 0.863661 0.659646 0.659646 0.659646
1538.396606 0.000000 2543.658936 0.000000 0.127751 0.000000 0.991806 0.637726 0.637726 0.637726
1562.709839 0.000000 2578.836914 0.000000 0.367449 0.000000 0.930044 0.383538 0.383538 0.383538
1708.128052 0.000000 2512.753906 0.000000 0.221087 0.000000 0.975254 0.469461 0.469461 0.469461
1676.457520 0.000000 2593.572754 0.000000 0.260062 0.000000 0.965592 0.393408 0.393408 0.393408
1673.278076 0.000000 2591.880371 0.000000 0.174727 0.000000 0.984617 0.473774 0.473774 0.473774
1689.283936 0.000000 2563.414551 0.000000 0.259236 0.000000 0.965814 0.440017 0.440017 0.440017
1566.953613 0.000000 2654.533691 0.000000 0.372505 0.000000 0.928030 0.383613 0.383613 0.383613
1552.939697 0.000000 2614.209961 0.000000 0.411696 0.000000 0.911321 0.408527 0.408527 0.408527
1563.635498 0.000000 2621.331543 0.000000 0.161752 0.000000 0.986831 0.411561 0.411561 0.411561
1655.637939 0.000000 2614.024658 0.000000 0.328026 0.000000 0.944669 0.471739 0.471739 0.471739
1618.579102 0.000000 2653.470215 0.000000 0.352828 0.000000 0.935688 0.383262 0.383262 0.383262
1568.618042 0.000000 2658.131348 0.000000 0.000826 0.000000 1.000000 0.421259 0.421259 0.421259
1584.580444 0.000000 2685.206299 0.000000 0.501909 0.000000 0.864921 0.475662 0.475662 0.475662
1574.581177 0.000000 2689.890137 0.000000 0.461516 0.000000 0.887132 0.521467 0.521467 0.521467
1566.608765 0.000000 2660.305176 0.000000 0.373731 0.000000 0.927537 0.472739 0.472739 0.472739
1978.637329 0.000000 2794.667969 0.000000 0.281589 0.000000 0.959535 0.426114 0.426114 0.426114
2025.967651 0.000000 2797.552246 0.000000 0.545682 0.000000 0.837992 0.390690 0.390690 0.390690
2011.635498 0.000000 2790.784668 0.000000 0.544728 0.000000 0.838613 0.416408 0.416408 0.416408
2012.947998 0.000000 2797.806152 0.000000 0.497993 0.000000 0.867181 0.448348 0.448348 0.448348
2232.315674 0.000000 2239.899658 0.000000 0.234225 0.000000 0.972182 0.381411 0.381411 0.381411
2226.798096 0.000000 2239.571777 0.000000 0.554285 0.000000 0.832327 0.453220 0.453220 0.453220
2216.015625 0.000000 2267.003662 0.000000 0.366938 0.000000 0.930245 0.383829 0.383829 0.383829
2215.299805 0.000000 2305.754395 0.000000 0.165355 0.000000 0.986234 0.468298 0.468298 0.468298
2244.763672 0.000000 2295.567139 0.000000 0.026794 0.000000 0.999641 0.379185 0.379185 0.379185
2246.508057 0.000000 2311.466064 0.000000 0.460760 0.000000 0.887525 0.411204 0.411204 0.411204
2196.832764 0.000000 2328.438965 0.000000 0.137782 0.000000 0.990463 0.506193 0.506193 0.506193
2312.614258 0.000000 2442.356934 0.000000 0.114135 0.000000 0.993465 0.423196 0.423196 0.423196
2376.407471 0.000000 2436.640381 0.000000 0.151216 0.000000 0.988501 0.395337 0.395337 0.395337
2370.500488 0.000000 2448.572266 0.000000 0.519437 0.000000 0.854509 0.452449 0.452449 0.452449
2375.914795 0.000000 2430.665039 0.000000 0.144518 0.000000 0.989502 0.380423 0.380423 0.380423
2404.620605 0.000000 2475.536621 0.000000 0.378463 0.000000 0.925617 0.383525 0.383525 0.383525
2401.062500 0.000000 2480.902100 0.000000 0.448853 0.000000 0.893606 0.403701 0.403701 0.403701
2400.617920 0.000000 2488.678223 0.000000 0.253285 0.000000 0.967392 0.420243 0.420243 0.420243
2160.205322 0.000000 2824.193115 0.000000 0.369402 0.000000 0.929270 0.384639 0.384639 0.384639
2173.124756 0.000000 2820.213623 0.000000 0.450097 0.000000 0.892980 0.492460 0.492460 0.492460
2201.917236 0.000000 2756.016113 0.000000 0.076945 0.000000 0.997035 0.399542 0.399542 0.399542
2233.384521 0.000000 2767.501709 0.000000 0.094244 0.000000 0.995549 0.444019 0.444019 0.444019
2201.283936 0.000000 2732.867676 0.000000 0.482179 0.000000 0.876073 0.529212 0.529212 0.529212
2188.721436 0.000000 2749.574951 0.000000 0.448624 0.000000 0.893721 0.553225 0.553225 0.553225
2250.072266 0.000000 2767.422119 0.000000 0.397324 0.000000 0.917678 0.478644 0.478644 0.478644
2246.056885 0.000000 2756.187744 0.000000 0.412346 0.000000 0.911028 0.651343 0.651343 0.651343
2265.661133 0.000000 2770.800537 0.000000 0.240294 0.000000 0.970700 0.520954 0.520954 0.520954
2265.706787 0.000000 2781.373779 0.000000 0.042059 0.000000 0.999115 0.541701 0.541701 0.541701
2521.917236 0.000000 2812.500488 0.000000 0.279002 0.000000 0.960291 0.588318 0.588318 0.588318
6008.473633 0.000000 2154.537109 0.000000 0.331713 0.000000 0.943380 0.436004 0.436004 0.436004
6359.068359 0.000000 2150.917480 0.000000 0.538034 0.000000 0.842923 0.656105 0.656105 0.656105
"}
object={
	name="pine_sparse_generator_1_1"
	clamp_to_water_level=no
	render_under_water=no
	generated_content=yes
	layer="semidynamic"
	pdxmesh="tree_fir_002_mesh"
	count=76
	transform="1272.315552 0.000000 2522.321533 0.000000 0.709552 0.000000 0.704654 0.395584 0.395584 0.395584
1273.910522 0.000000 2533.263428 0.000000 0.767251 0.000000 0.641346 0.604909 0.604909 0.604909
1267.759033 0.000000 2686.130371 0.000000 0.927915 0.000000 0.372793 0.401353 0.401353 0.401353
1277.032837 0.000000 2676.953613 0.000000 0.860105 0.000000 0.510118 0.406725 0.406725 0.406725
1284.957397 0.000000 2581.644043 0.000000 0.719903 0.000000 0.694074 0.389275 0.389275 0.389275
1292.083740 0.000000 2587.310791 0.000000 0.724711 0.000000 0.689053 0.573640 0.573640 0.573640
1526.864258 0.000000 2540.311035 0.000000 0.769384 0.000000 0.638786 0.479147 0.479147 0.479147
1533.507935 0.000000 2535.089355 0.000000 0.760007 0.000000 0.649915 0.508576 0.508576 0.508576
1533.611938 0.000000 2580.556641 0.000000 0.750664 0.000000 0.660684 0.409562 0.409562 0.409562
1508.029297 0.000000 2560.349609 0.000000 0.920645 0.000000 0.390401 0.631058 0.631058 0.631058
1290.351440 0.000000 2619.160156 0.000000 0.773137 0.000000 0.634239 0.390841 0.390841 0.390841
1297.260132 0.000000 2624.738281 0.000000 0.715986 0.000000 0.698115 0.389428 0.389428 0.389428
1285.119263 0.000000 2614.715576 0.000000 0.863919 0.000000 0.503630 0.463609 0.463609 0.463609
1283.837158 0.000000 2621.843262 0.000000 0.789800 0.000000 0.613364 0.401101 0.401101 0.401101
1289.866211 0.000000 2637.353516 0.000000 0.785513 0.000000 0.618845 0.451636 0.451636 0.451636
1305.681030 0.000000 2632.058838 0.000000 0.794857 0.000000 0.606796 0.391810 0.391810 0.391810
1282.356812 0.000000 2603.179443 0.000000 0.713080 0.000000 0.701083 0.492243 0.492243 0.492243
1280.936157 0.000000 2620.890869 0.000000 0.823336 0.000000 0.567554 0.628169 0.628169 0.628169
1308.380127 0.000000 2653.131592 0.000000 0.778821 0.000000 0.627246 0.471987 0.471987 0.471987
1287.213501 0.000000 2636.481201 0.000000 0.711805 0.000000 0.702377 0.470010 0.470010 0.470010
1303.068237 0.000000 2602.792480 0.000000 0.847600 0.000000 0.530635 0.675074 0.675074 0.675074
1303.408081 0.000000 2610.119385 0.000000 0.935678 0.000000 0.352855 0.546874 0.546874 0.546874
1356.083740 0.000000 2643.795166 0.000000 0.839574 0.000000 0.543245 0.509700 0.509700 0.509700
1289.604492 0.000000 2682.219971 0.000000 0.623939 0.000000 0.781473 0.454830 0.454830 0.454830
1281.451538 0.000000 2664.157959 0.000000 0.910567 0.000000 0.413362 0.471226 0.471226 0.471226
1294.979858 0.000000 2679.605713 0.000000 0.687221 0.000000 0.726449 0.450844 0.450844 0.450844
1498.364746 0.000000 2623.842529 0.000000 0.902953 0.000000 0.429740 0.470879 0.470879 0.470879
1522.798096 0.000000 2634.962402 0.000000 0.872302 0.000000 0.488967 0.443112 0.443112 0.443112
1725.292725 0.000000 2441.387207 0.000000 0.927093 0.000000 0.374831 0.477753 0.477753 0.477753
1711.868652 0.000000 2477.239014 0.000000 0.942470 0.000000 0.334290 0.398107 0.398107 0.398107
1722.028442 0.000000 2441.926758 0.000000 0.644457 0.000000 0.764640 0.581409 0.581409 0.581409
1712.580444 0.000000 2459.268799 0.000000 0.908416 0.000000 0.418067 0.488227 0.488227 0.488227
1728.090088 0.000000 2432.123779 0.000000 0.801302 0.000000 0.598259 0.440853 0.440853 0.440853
1550.953247 0.000000 2595.768555 0.000000 0.780257 0.000000 0.625459 0.483223 0.483223 0.483223
1539.505249 0.000000 2585.223145 0.000000 0.787621 0.000000 0.616160 0.673027 0.673027 0.673027
1538.356812 0.000000 2546.695068 0.000000 0.707023 0.000000 0.707191 0.538097 0.538097 0.538097
1553.722656 0.000000 2593.974121 0.000000 0.751092 0.000000 0.660198 0.422664 0.422664 0.422664
1670.508057 0.000000 2593.887939 0.000000 0.830199 0.000000 0.557467 0.402112 0.402112 0.402112
1543.914795 0.000000 2600.118164 0.000000 0.651945 0.000000 0.758266 0.479437 0.479437 0.479437
1563.932739 0.000000 2618.550781 0.000000 0.950215 0.000000 0.311594 0.509718 0.509718 0.509718
1561.283936 0.000000 2619.898926 0.000000 0.943343 0.000000 0.331818 0.465257 0.465257 0.465257
1618.230469 0.000000 2636.316895 0.000000 0.707381 0.000000 0.706833 0.389064 0.389064 0.389064
1655.819336 0.000000 2617.112061 0.000000 0.744598 0.000000 0.667514 0.411292 0.411292 0.411292
1581.311035 0.000000 2689.115479 0.000000 0.625608 0.000000 0.780137 0.387802 0.387802 0.387802
1564.431641 0.000000 2662.273438 0.000000 0.702922 0.000000 0.711267 0.451243 0.451243 0.451243
1596.013062 0.000000 2669.630371 0.000000 0.795371 0.000000 0.606123 0.414400 0.414400 0.414400
1973.519043 0.000000 2794.359863 0.000000 0.836690 0.000000 0.547677 0.436267 0.436267 0.436267
1959.299927 0.000000 2814.113770 0.000000 0.760768 0.000000 0.649024 0.454659 0.454659 0.454659
2173.032959 0.000000 2281.562988 0.000000 0.875055 0.000000 0.484023 0.577083 0.577083 0.577083
2229.566895 0.000000 2271.837158 0.000000 0.722095 0.000000 0.691794 0.481416 0.481416 0.481416
2252.721436 0.000000 2297.699951 0.000000 0.935355 0.000000 0.353712 0.518274 0.518274 0.518274
2220.194824 0.000000 2327.936768 0.000000 0.590214 0.000000 0.807247 0.479649 0.479649 0.479649
2220.352051 0.000000 2333.120361 0.000000 0.734214 0.000000 0.678918 0.524328 0.524328 0.524328
2229.566895 0.000000 2328.321533 0.000000 0.685513 0.000000 0.728061 0.663659 0.663659 0.663659
2270.952637 0.000000 2391.855957 0.000000 0.865236 0.000000 0.501365 0.486306 0.486306 0.486306
2337.062500 0.000000 2424.417725 0.000000 0.908600 0.000000 0.417667 0.465430 0.465430 0.465430
2344.974609 0.000000 2440.349609 0.000000 0.638214 0.000000 0.769859 0.397899 0.397899 0.397899
2315.487061 0.000000 2437.387695 0.000000 0.883719 0.000000 0.468018 0.456796 0.456796 0.456796
2316.526855 0.000000 2451.874023 0.000000 0.679993 0.000000 0.733218 0.480207 0.480207 0.480207
2325.235596 0.000000 2448.689209 0.000000 0.620902 0.000000 0.783888 0.416066 0.416066 0.416066
2372.948486 0.000000 2428.943115 0.000000 0.838038 0.000000 0.545611 0.498384 0.498384 0.498384
2377.084717 0.000000 2439.645996 0.000000 0.850612 0.000000 0.525794 0.476311 0.476311 0.476311
2400.426758 0.000000 2497.750244 0.000000 0.891538 0.000000 0.452945 0.515813 0.515813 0.515813
2190.979980 0.000000 2736.090088 0.000000 0.833175 0.000000 0.553009 0.443695 0.443695 0.443695
2241.319092 0.000000 2750.138428 0.000000 0.936887 0.000000 0.349633 0.395417 0.395417 0.395417
2251.616455 0.000000 2740.591064 0.000000 0.840527 0.000000 0.541770 0.539709 0.539709 0.539709
2182.508057 0.000000 2819.825439 0.000000 0.852595 0.000000 0.522573 0.615035 0.615035 0.615035
2178.356934 0.000000 2772.632568 0.000000 0.728478 0.000000 0.685069 0.455628 0.455628 0.455628
2193.360840 0.000000 2813.894775 0.000000 0.768069 0.000000 0.640367 0.421213 0.421213 0.421213
2232.639160 0.000000 2772.706787 0.000000 0.856938 0.000000 0.515420 0.431240 0.431240 0.431240
2232.473389 0.000000 2775.865234 0.000000 0.950871 0.000000 0.309589 0.590029 0.590029 0.590029
2253.099609 0.000000 2787.510986 0.000000 0.605223 0.000000 0.796056 0.663635 0.663635 0.663635
2260.832764 0.000000 2780.313965 0.000000 0.768674 0.000000 0.639641 0.669072 0.669072 0.669072
2248.614258 0.000000 2781.263184 0.000000 0.858822 0.000000 0.512273 0.667553 0.667553 0.667553
2148.029297 0.000000 2842.771484 0.000000 0.888958 0.000000 0.457988 0.479745 0.479745 0.479745
2176.090088 0.000000 2827.514404 0.000000 0.920785 0.000000 0.390070 0.465997 0.465997 0.465997
"}
object={
	name="pine_sparse_generator_1_2"
	clamp_to_water_level=no
	render_under_water=no
	generated_content=yes
	layer="semidynamic"
	pdxmesh="tree_fir_003_mesh"
	count=83
	transform="1275.001099 0.000000 2579.597900 0.000000 0.999223 0.000000 -0.039408 0.649337 0.649337 0.649337
1282.356812 0.000000 2546.695068 0.000000 0.987290 0.000000 0.158930 0.528662 0.528662 0.528662
1523.213989 0.000000 2531.569824 0.000000 0.999755 0.000000 0.022140 0.678617 0.678617 0.678617
1464.473511 0.000000 2549.927734 0.000000 0.999723 0.000000 0.023523 0.496577 0.496577 0.496577
1522.842529 0.000000 2559.666748 0.000000 0.959298 0.000000 -0.282397 0.691697 0.691697 0.691697
1510.889160 0.000000 2565.236572 0.000000 0.968847 0.000000 -0.247658 0.711153 0.711153 0.711153
1483.486938 0.000000 2550.356445 0.000000 0.984621 0.000000 0.174707 0.412088 0.412088 0.412088
1502.952515 0.000000 2561.309082 0.000000 0.970359 0.000000 0.241667 0.659164 0.659164 0.659164
1289.203857 0.000000 2633.981934 0.000000 0.999422 0.000000 -0.033986 0.436828 0.436828 0.436828
1293.506958 0.000000 2634.095703 0.000000 0.999312 0.000000 -0.037083 0.493886 0.493886 0.493886
1322.288330 0.000000 2621.428955 0.000000 0.954335 0.000000 -0.298739 0.713387 0.713387 0.713387
1292.526733 0.000000 2621.327148 0.000000 0.965073 0.000000 -0.261980 0.432613 0.432613 0.432613
1300.994385 0.000000 2600.833984 0.000000 0.999134 0.000000 0.041615 0.535299 0.535299 0.535299
1305.706665 0.000000 2611.920654 0.000000 0.999980 0.000000 -0.006388 0.695337 0.695337 0.695337
1302.782471 0.000000 2605.584717 0.000000 0.998768 0.000000 -0.049626 0.679223 0.679223 0.679223
1372.380127 0.000000 2653.131592 0.000000 0.953065 0.000000 -0.302766 0.545489 0.545489 0.545489
1292.526733 0.000000 2677.811523 0.000000 0.961197 0.000000 0.275863 0.581466 0.581466 0.581466
1310.952515 0.000000 2674.277832 0.000000 0.968376 0.000000 0.249496 0.690437 0.690437 0.690437
1382.686279 0.000000 2655.071289 0.000000 0.998771 0.000000 0.049559 0.406148 0.406148 0.406148
1367.408081 0.000000 2666.603760 0.000000 0.996269 0.000000 0.086303 0.434867 0.434867 0.434867
1492.968506 0.000000 2650.406250 0.000000 0.999918 0.000000 -0.012819 0.479658 0.479658 0.479658
1521.272949 0.000000 2631.906250 0.000000 0.959935 0.000000 0.280221 0.439347 0.439347 0.439347
1492.089478 0.000000 2643.098145 0.000000 0.999996 0.000000 -0.002700 0.479464 0.479464 0.479464
1517.311035 0.000000 2632.631104 0.000000 0.990110 0.000000 -0.140293 0.458357 0.458357 0.458357
1483.941895 0.000000 2640.085205 0.000000 0.960616 0.000000 0.277879 0.537347 0.537347 0.537347
1493.503174 0.000000 2646.600342 0.000000 0.968349 0.000000 -0.249599 0.490245 0.490245 0.490245
1481.866211 0.000000 2637.353516 0.000000 0.953235 0.000000 -0.302229 0.453277 0.453277 0.453277
1510.581177 0.000000 2633.405762 0.000000 0.978321 0.000000 0.207097 0.527529 0.527529 0.527529
1437.530396 0.000000 2682.058105 0.000000 0.997234 0.000000 0.074328 0.421403 0.421403 0.421403
1734.395386 0.000000 2402.399414 0.000000 0.955067 0.000000 0.296392 0.536883 0.536883 0.536883
1730.822754 0.000000 2406.311768 0.000000 0.988449 0.000000 -0.151551 0.482334 0.482334 0.482334
1715.863525 0.000000 2453.200928 0.000000 0.999259 0.000000 0.038501 0.496270 0.496270 0.496270
1720.639160 0.000000 2433.800537 0.000000 0.992050 0.000000 -0.125843 0.483814 0.483814 0.483814
1720.473511 0.000000 2436.958984 0.000000 0.982835 0.000000 -0.184488 0.449219 0.449219 0.449219
1548.083740 0.000000 2587.310791 0.000000 0.995961 0.000000 -0.089783 0.599612 0.599612 0.599612
1537.451538 0.000000 2551.189209 0.000000 0.980192 0.000000 0.198051 0.691934 0.691934 0.691934
1714.798096 0.000000 2521.993652 0.000000 0.998287 0.000000 -0.058509 0.474630 0.474630 0.474630
1714.318481 0.000000 2542.002686 0.000000 0.998717 0.000000 0.050642 0.399314 0.399314 0.399314
1712.746582 0.000000 2545.034424 0.000000 0.990847 0.000000 -0.134991 0.418702 0.418702 0.418702
1684.984863 0.000000 2578.994873 0.000000 0.960191 0.000000 0.279345 0.535393 0.535393 0.535393
1617.722656 0.000000 2650.458496 0.000000 0.989381 0.000000 0.145345 0.499892 0.499892 0.499892
1620.984863 0.000000 2635.479248 0.000000 0.967371 0.000000 0.253366 0.474491 0.474491 0.474491
1597.032837 0.000000 2676.953613 0.000000 0.985342 0.000000 -0.170590 0.472783 0.472783 0.472783
1594.637329 0.000000 2681.699219 0.000000 0.998363 0.000000 0.057199 0.484171 0.484171 0.484171
1600.936157 0.000000 2677.375244 0.000000 0.972012 0.000000 0.234933 0.553805 0.553805 0.553805
1674.565063 0.000000 2600.830078 0.000000 0.999912 0.000000 0.013248 0.465444 0.465444 0.465444
2169.384521 0.000000 2259.142334 0.000000 0.975142 0.000000 0.221579 0.424906 0.424906 0.424906
2173.124756 0.000000 2255.369873 0.000000 0.995844 0.000000 -0.091074 0.435787 0.435787 0.435787
2228.365479 0.000000 2242.156982 0.000000 0.989365 0.000000 -0.145457 0.402034 0.402034 0.402034
2234.305176 0.000000 2246.872070 0.000000 0.982052 0.000000 -0.188610 0.500944 0.500944 0.500944
2193.722656 0.000000 2255.067871 0.000000 0.954111 0.000000 -0.299455 0.497274 0.497274 0.497274
2190.604980 0.000000 2250.467529 0.000000 0.995113 0.000000 -0.098741 0.499084 0.499084 0.499084
2188.721436 0.000000 2241.215576 0.000000 0.961437 0.000000 0.275026 0.589147 0.589147 0.589147
2188.721436 0.000000 2297.699951 0.000000 0.999995 0.000000 -0.003183 0.485357 0.485357 0.485357
2281.204590 0.000000 2295.936279 0.000000 0.999409 0.000000 0.034385 0.404410 0.404410 0.404410
2228.014648 0.000000 2324.702637 0.000000 0.999542 0.000000 -0.030256 0.552707 0.552707 0.552707
2224.746582 0.000000 2319.096924 0.000000 0.951547 0.000000 -0.307503 0.507470 0.507470 0.507470
2269.530273 0.000000 2399.636230 0.000000 0.999800 0.000000 0.020005 0.420283 0.420283 0.420283
2281.204590 0.000000 2408.905029 0.000000 0.999340 0.000000 -0.036321 0.423109 0.423109 0.423109
2372.458496 0.000000 2426.809814 0.000000 0.982077 0.000000 0.188478 0.444805 0.444805 0.444805
2349.375000 0.000000 2453.749756 0.000000 0.984761 0.000000 -0.173911 0.402426 0.402426 0.402426
2370.396484 0.000000 2430.690186 0.000000 0.994777 0.000000 -0.102070 0.459655 0.459655 0.459655
2373.119141 0.000000 2445.262451 0.000000 0.997919 0.000000 -0.064476 0.490500 0.490500 0.490500
2375.408936 0.000000 2446.665527 0.000000 0.957650 0.000000 0.287936 0.460355 0.460355 0.460355
2171.001221 0.000000 2749.051025 0.000000 0.998614 0.000000 -0.052640 0.620222 0.620222 0.620222
2212.620605 0.000000 2757.958496 0.000000 0.954022 0.000000 0.299738 0.395835 0.395835 0.395835
2200.795410 0.000000 2739.162109 0.000000 0.980333 0.000000 0.197350 0.554779 0.554779 0.554779
2178.822754 0.000000 2745.218018 0.000000 0.980219 0.000000 0.197917 0.473651 0.473651 0.473651
2257.360840 0.000000 2757.410400 0.000000 0.966452 0.000000 0.256849 0.689741 0.689741 0.689741
2185.278076 0.000000 2817.817871 0.000000 0.999540 0.000000 -0.030314 0.501610 0.501610 0.501610
2235.100830 0.000000 2777.827148 0.000000 0.972851 0.000000 0.231431 0.691041 0.691041 0.691041
2201.917236 0.000000 2812.500488 0.000000 0.978289 0.000000 -0.207244 0.585028 0.585028 0.585028
2199.191895 0.000000 2813.625000 0.000000 0.964805 0.000000 -0.262965 0.576551 0.576551 0.576551
2244.948486 0.000000 2767.849365 0.000000 0.999885 0.000000 -0.015163 0.495406 0.495406 0.495406
2251.487061 0.000000 2776.293945 0.000000 0.952557 0.000000 -0.304360 0.713782 0.713782 0.713782
2262.782471 0.000000 2775.037842 0.000000 0.987704 0.000000 -0.156334 0.637297 0.637297 0.637297
2240.090088 0.000000 2771.030029 0.000000 0.961628 0.000000 0.274355 0.583424 0.583424 0.583424
2171.100830 0.000000 2834.311523 0.000000 0.996324 0.000000 0.085666 0.547898 0.547898 0.547898
2172.013184 0.000000 2839.083496 0.000000 1.000000 0.000000 0.000778 0.512728 0.512728 0.512728
2212.575195 0.000000 2826.607666 0.000000 0.961198 0.000000 -0.275861 0.532807 0.532807 0.532807
2519.191895 0.000000 2813.625000 0.000000 0.992021 0.000000 -0.126070 0.452173 0.452173 0.452173
6357.668945 0.000000 2156.195068 0.000000 0.989706 0.000000 -0.143112 0.619003 0.619003 0.619003
6356.994629 0.000000 2148.958984 0.000000 0.997513 0.000000 -0.070484 0.681942 0.681942 0.681942
"}
object={
	name="pine_sparse_generator_1_3"
	clamp_to_water_level=no
	render_under_water=no
	generated_content=yes
	layer="semidynamic"
	pdxmesh="tree_fir_004_mesh"
	count=82
	transform="1277.032837 0.000000 2563.984863 0.000000 0.754839 0.000000 -0.655910 0.634030 0.634030 0.634030
1276.013062 0.000000 2556.661621 0.000000 0.653832 0.000000 -0.756640 0.657269 0.657269 0.657269
1282.822754 0.000000 2575.764893 0.000000 0.706719 0.000000 -0.707495 0.550528 0.550528 0.550528
1516.662354 0.000000 2535.892578 0.000000 0.922361 0.000000 -0.386329 0.667196 0.667196 0.667196
1497.505737 0.000000 2539.084229 0.000000 0.697064 0.000000 -0.717009 0.438984 0.438984 0.438984
1529.910522 0.000000 2533.263428 0.000000 0.858185 0.000000 -0.513340 0.724023 0.724023 0.724023
1513.676880 0.000000 2559.863770 0.000000 0.914881 0.000000 -0.403723 0.420902 0.420902 0.420902
1530.637329 0.000000 2568.730469 0.000000 0.907221 0.000000 -0.420654 0.463517 0.463517 0.463517
1533.738403 0.000000 2570.046143 0.000000 0.651636 0.000000 -0.758532 0.437879 0.437879 0.437879
1289.084717 0.000000 2609.099121 0.000000 0.876143 0.000000 -0.482052 0.472839 0.472839 0.472839
1280.090088 0.000000 2601.576904 0.000000 0.934159 0.000000 -0.356857 0.651948 0.651948 0.651948
1369.917236 0.000000 2643.047363 0.000000 0.834279 0.000000 -0.551342 0.423412 0.423412 0.423412
1280.936157 0.000000 2677.375244 0.000000 0.781464 0.000000 -0.623950 0.426795 0.426795 0.426795
1295.671509 0.000000 2656.294678 0.000000 0.835853 0.000000 -0.548953 0.584772 0.584772 0.584772
1380.759888 0.000000 2676.141846 0.000000 0.771427 0.000000 -0.636318 0.451604 0.451604 0.451604
1441.062500 0.000000 2650.355225 0.000000 0.807419 0.000000 -0.589978 0.567526 0.567526 0.567526
1506.015015 0.000000 2618.776855 0.000000 0.661087 0.000000 -0.750310 0.411694 0.411694 0.411694
1480.908569 0.000000 2644.181152 0.000000 0.647367 0.000000 -0.762178 0.585925 0.585925 0.585925
1495.836548 0.000000 2648.894043 0.000000 0.893524 0.000000 -0.449015 0.600090 0.600090 0.600090
1505.448853 0.000000 2621.578125 0.000000 0.809174 0.000000 -0.587569 0.475105 0.475105 0.475105
1502.952515 0.000000 2617.793457 0.000000 0.843854 0.000000 -0.536573 0.590544 0.590544 0.590544
1446.581177 0.000000 2689.890137 0.000000 0.778862 0.000000 -0.627195 0.632916 0.632916 0.632916
1446.469604 0.000000 2681.359619 0.000000 0.919065 0.000000 -0.394107 0.428788 0.428788 0.428788
1431.068237 0.000000 2659.276855 0.000000 0.876194 0.000000 -0.481959 0.472837 0.472837 0.472837
1452.128052 0.000000 2682.207031 0.000000 0.903989 0.000000 -0.427555 0.447503 0.447503 0.447503
1722.305298 0.000000 2416.325195 0.000000 0.863017 0.000000 -0.505175 0.471289 0.471289 0.471289
1729.017578 0.000000 2399.036865 0.000000 0.856760 0.000000 -0.515715 0.544883 0.544883 0.544883
1714.798096 0.000000 2465.509277 0.000000 0.921252 0.000000 -0.388966 0.422672 0.422672 0.422672
1536.090088 0.000000 2545.092529 0.000000 0.596455 0.000000 -0.802647 0.447287 0.447287 0.447287
1714.789429 0.000000 2497.399902 0.000000 0.928848 0.000000 -0.370460 0.502814 0.502814 0.502814
1720.639160 0.000000 2490.284912 0.000000 0.780884 0.000000 -0.624677 0.459549 0.459549 0.459549
1676.721313 0.000000 2580.121826 0.000000 0.729032 0.000000 -0.684479 0.487700 0.487700 0.487700
1676.375244 0.000000 2596.464600 0.000000 0.807367 0.000000 -0.590050 0.509981 0.509981 0.509981
1559.890747 0.000000 2617.338867 0.000000 0.790283 0.000000 -0.612742 0.442924 0.442924 0.442924
1563.131470 0.000000 2614.402344 0.000000 0.877648 0.000000 -0.479305 0.406939 0.406939 0.406939
1617.256958 0.000000 2632.996094 0.000000 0.845814 0.000000 -0.533478 0.407755 0.407755 0.407755
1612.083740 0.000000 2643.795166 0.000000 0.751928 0.000000 -0.659245 0.511797 0.511797 0.511797
1614.604980 0.000000 2645.858154 0.000000 0.667661 0.000000 -0.744466 0.474793 0.474793 0.474793
1581.433838 0.000000 2684.494873 0.000000 0.943742 0.000000 -0.330681 0.451783 0.451783 0.451783
1569.099731 0.000000 2688.715332 0.000000 0.618718 0.000000 -0.785613 0.415759 0.415759 0.415759
1564.947998 0.000000 2684.837402 0.000000 0.854898 0.000000 -0.518796 0.504150 0.504150 0.504150
1611.786255 0.000000 2659.818604 0.000000 0.651532 0.000000 -0.758621 0.433745 0.433745 0.433745
1675.786255 0.000000 2603.334229 0.000000 0.811732 0.000000 -0.584030 0.408408 0.408408 0.408408
1956.029297 0.000000 2786.287109 0.000000 0.593676 0.000000 -0.804704 0.486931 0.486931 0.486931
1998.007324 0.000000 2798.624512 0.000000 0.863470 0.000000 -0.504401 0.406890 0.406890 0.406890
2022.469604 0.000000 2794.328369 0.000000 0.948605 0.000000 -0.316462 0.435513 0.435513 0.435513
1958.824463 0.000000 2829.456543 0.000000 0.777446 0.000000 -0.628950 0.513044 0.513044 0.513044
2234.544434 0.000000 2243.313721 0.000000 0.895416 0.000000 -0.445229 0.498402 0.498402 0.498402
2229.013428 0.000000 2237.536865 0.000000 0.900099 0.000000 -0.435686 0.506289 0.506289 0.506289
2171.100830 0.000000 2269.467773 0.000000 0.819097 0.000000 -0.573655 0.509569 0.509569 0.509569
2174.270020 0.000000 2320.290771 0.000000 0.635641 0.000000 -0.771985 0.502605 0.502605 0.502605
2212.575195 0.000000 2261.763916 0.000000 0.834760 0.000000 -0.550614 0.486531 0.486531 0.486531
2187.616455 0.000000 2288.716064 0.000000 0.664334 0.000000 -0.747436 0.514344 0.514344 0.514344
2196.984863 0.000000 2296.572998 0.000000 0.693789 0.000000 -0.720178 0.513522 0.513522 0.513522
2217.677002 0.000000 2333.926270 0.000000 0.779635 0.000000 -0.626235 0.420709 0.420709 0.420709
2248.908447 0.000000 2361.759277 0.000000 0.600657 0.000000 -0.799507 0.412629 0.412629 0.412629
2246.056885 0.000000 2360.797119 0.000000 0.783824 0.000000 -0.620983 0.479967 0.479967 0.479967
2260.832764 0.000000 2328.438965 0.000000 0.913414 0.000000 -0.407032 0.431018 0.431018 0.431018
2314.072266 0.000000 2428.515869 0.000000 0.934027 0.000000 -0.357202 0.480395 0.480395 0.480395
2208.448975 0.000000 2737.245361 0.000000 0.811551 0.000000 -0.584282 0.462768 0.462768 0.462768
2209.448975 0.000000 2734.546875 0.000000 0.644321 0.000000 -0.764755 0.670353 0.670353 0.670353
2199.191895 0.000000 2757.140625 0.000000 0.595865 0.000000 -0.803084 0.511964 0.511964 0.511964
2215.299805 0.000000 2757.629395 0.000000 0.756839 0.000000 -0.653602 0.509582 0.509582 0.509582
2182.395264 0.000000 2741.305664 0.000000 0.878869 0.000000 -0.477063 0.440324 0.440324 0.440324
2257.939453 0.000000 2753.045654 0.000000 0.793098 0.000000 -0.609094 0.409058 0.409058 0.409058
2247.437256 0.000000 2766.293701 0.000000 0.608280 0.000000 -0.793722 0.620981 0.620981 0.620981
2242.822754 0.000000 2745.218018 0.000000 0.789685 0.000000 -0.613512 0.479792 0.479792 0.479792
2252.721436 0.000000 2749.574951 0.000000 0.855505 0.000000 -0.517795 0.633048 0.633048 0.633048
2188.457520 0.000000 2819.510254 0.000000 0.669531 0.000000 -0.742784 0.487191 0.487191 0.487191
2220.194824 0.000000 2779.811768 0.000000 0.836673 0.000000 -0.547702 0.640296 0.640296 0.640296
2193.664795 0.000000 2774.390381 0.000000 0.900645 0.000000 -0.434556 0.471870 0.471870 0.471870
2188.083740 0.000000 2813.248291 0.000000 0.709644 0.000000 -0.704561 0.642293 0.642293 0.642293
2190.604980 0.000000 2815.311279 0.000000 0.726139 0.000000 -0.687548 0.456852 0.456852 0.456852
2188.721436 0.000000 2806.059326 0.000000 0.888214 0.000000 -0.459431 0.555595 0.555595 0.555595
2256.186279 0.000000 2786.885742 0.000000 0.659222 0.000000 -0.751948 0.483296 0.483296 0.483296
2263.068359 0.000000 2772.245605 0.000000 0.731102 0.000000 -0.682269 0.475268 0.475268 0.475268
2148.759766 0.000000 2845.594971 0.000000 0.699983 0.000000 -0.714159 0.494692 0.494692 0.494692
2168.473389 0.000000 2832.349609 0.000000 0.915894 0.000000 -0.401420 0.618941 0.618941 0.618941
2187.487061 0.000000 2832.778320 0.000000 0.844021 0.000000 -0.536311 0.433299 0.433299 0.433299
2214.824463 0.000000 2829.456543 0.000000 0.901488 0.000000 -0.432803 0.455674 0.455674 0.455674
6000.746582 0.000000 2149.643799 0.000000 0.591838 0.000000 -0.806057 0.570870 0.570870 0.570870
6356.569336 0.000000 2151.792725 0.000000 0.689213 0.000000 -0.724558 0.736114 0.736114 0.736114
"}
object={
	name="pine_sparse_generator_1_4"
	clamp_to_water_level=no
	render_under_water=no
	generated_content=yes
	layer="semidynamic"
	pdxmesh="tree_fir_005_mesh"
	count=95
	transform="1274.305298 0.000000 2529.293945 0.000000 0.145244 0.000000 -0.989396 0.429550 0.429550 0.429550
1277.292725 0.000000 2554.355957 0.000000 0.310297 0.000000 -0.950640 0.460958 0.460958 0.460958
1278.419189 0.000000 2583.944092 0.000000 0.220844 0.000000 -0.975309 0.418309 0.418309 0.418309
1265.272949 0.000000 2688.390625 0.000000 0.247947 0.000000 -0.968773 0.417008 0.417008 0.417008
1280.156738 0.000000 2540.212646 0.000000 0.486155 0.000000 -0.873873 0.625108 0.625108 0.625108
1280.042358 0.000000 2541.804199 0.000000 0.497976 0.000000 -0.867191 0.624724 0.624724 0.624724
1280.090088 0.000000 2545.092529 0.000000 0.028918 0.000000 -0.999582 0.452757 0.452757 0.452757
1527.107910 0.000000 2530.513916 0.000000 0.326321 0.000000 -0.945259 0.651765 0.651765 0.651765
1531.981689 0.000000 2540.531738 0.000000 0.128473 0.000000 -0.991713 0.420160 0.420160 0.420160
1467.100830 0.000000 2551.889648 0.000000 0.476486 0.000000 -0.879182 0.426537 0.426537 0.426537
1533.512329 0.000000 2541.822998 0.000000 0.260763 0.000000 -0.965403 0.757216 0.757216 0.757216
1524.004028 0.000000 2545.124512 0.000000 0.133118 0.000000 -0.991100 0.757394 0.757394 0.757394
1310.236938 0.000000 2650.811035 0.000000 0.142117 0.000000 -0.989850 0.565381 0.565381 0.565381
1292.552612 0.000000 2624.475342 0.000000 0.388725 0.000000 -0.921354 0.508288 0.508288 0.508288
1291.486938 0.000000 2606.840820 0.000000 0.211615 0.000000 -0.977353 0.454113 0.454113 0.454113
1309.958862 0.000000 2608.481689 0.000000 0.058918 0.000000 -0.998263 0.471670 0.471670 0.471670
1281.451538 0.000000 2607.673584 0.000000 0.526447 0.000000 -0.850208 0.448644 0.448644 0.448644
1358.604980 0.000000 2645.858154 0.000000 0.011146 0.000000 -0.999938 0.481140 0.481140 0.481140
1293.099609 0.000000 2674.542236 0.000000 0.419573 0.000000 -0.907722 0.562933 0.562933 0.562933
1400.315552 0.000000 2691.774658 0.000000 0.098173 0.000000 -0.995169 0.428101 0.428101 0.428101
1445.982422 0.000000 2648.542969 0.000000 0.133760 0.000000 -0.991014 0.419296 0.419296 0.419296
1483.959473 0.000000 2646.772217 0.000000 0.288514 0.000000 -0.957476 0.508241 0.508241 0.508241
1495.371216 0.000000 2641.295166 0.000000 0.045903 0.000000 -0.998946 0.700480 0.700480 0.700480
1495.192017 0.000000 2644.171875 0.000000 0.359736 0.000000 -0.933054 0.685462 0.685462 0.685462
1422.604980 0.000000 2702.342529 0.000000 0.301024 0.000000 -0.953617 0.672195 0.672195 0.672195
1436.947998 0.000000 2684.837402 0.000000 0.304669 0.000000 -0.952458 0.482317 0.482317 0.482317
1711.722534 0.000000 2473.147705 0.000000 0.326961 0.000000 -0.945038 0.417180 0.417180 0.417180
1712.541992 0.000000 2451.413330 0.000000 0.438208 0.000000 -0.898873 0.415061 0.415061 0.415061
1722.385132 0.000000 2431.420166 0.000000 0.552643 0.000000 -0.833418 0.496242 0.496242 0.496242
1708.376709 0.000000 2475.095703 0.000000 0.359681 0.000000 -0.933075 0.494014 0.494014 0.494014
1543.408936 0.000000 2559.634277 0.000000 0.212326 0.000000 -0.977199 0.605014 0.605014 0.605014
1717.566895 0.000000 2497.774658 0.000000 0.150517 0.000000 -0.988607 0.463677 0.463677 0.463677
1709.943604 0.000000 2544.151855 0.000000 0.220075 0.000000 -0.975483 0.418252 0.418252 0.418252
1541.464844 0.000000 2603.063232 0.000000 0.284181 0.000000 -0.958771 0.476306 0.476306 0.476306
1568.618042 0.000000 2601.646973 0.000000 0.556963 0.000000 -0.830537 0.487763 0.487763 0.487763
1563.595093 0.000000 2648.804932 0.000000 0.555975 0.000000 -0.831199 0.416859 0.416859 0.416859
1625.681030 0.000000 2632.058838 0.000000 0.548837 0.000000 -0.835930 0.540479 0.540479 0.540479
1564.793701 0.000000 2657.607422 0.000000 0.289547 0.000000 -0.957164 0.417726 0.417726 0.417726
1577.385620 0.000000 2687.683838 0.000000 0.416967 0.000000 -0.908922 0.520415 0.520415 0.520415
1586.585205 0.000000 2682.659912 0.000000 0.098021 0.000000 -0.995184 0.419926 0.419926 0.419926
1563.932739 0.000000 2675.035156 0.000000 0.463293 0.000000 -0.886205 0.489782 0.489782 0.489782
1600.042358 0.000000 2654.772949 0.000000 0.410262 0.000000 -0.911968 0.448649 0.448649 0.448649
1610.565063 0.000000 2657.314453 0.000000 0.208987 0.000000 -0.977918 0.524911 0.524911 0.524911
1366.782471 0.000000 2718.553467 0.000000 0.395035 0.000000 -0.918666 0.546473 0.546473 0.546473
1961.676880 0.000000 2785.801270 0.000000 0.361801 0.000000 -0.932255 0.462169 0.462169 0.462169
2016.448975 0.000000 2793.729736 0.000000 0.028061 0.000000 -0.999606 0.463553 0.463553 0.463553
1962.835938 0.000000 2830.225098 0.000000 0.448984 0.000000 -0.893540 0.519688 0.519688 0.519688
2171.001221 0.000000 2240.691650 0.000000 0.288277 0.000000 -0.957547 0.448600 0.448600 0.448600
2237.124756 0.000000 2255.369873 0.000000 0.128914 0.000000 -0.991656 0.513587 0.513587 0.513587
2170.385010 0.000000 2261.967041 0.000000 0.260591 0.000000 -0.965449 0.417883 0.417883 0.417883
2176.042236 0.000000 2259.382324 0.000000 0.233684 0.000000 -0.972313 0.466541 0.466541 0.466541
2212.029297 0.000000 2277.927734 0.000000 0.031882 0.000000 -0.999492 0.625243 0.625243 0.625243
2223.447998 0.000000 2272.060791 0.000000 0.253258 0.000000 -0.967399 0.474732 0.474732 0.474732
2264.572266 0.000000 2298.839355 0.000000 0.015813 0.000000 -0.999875 0.528898 0.528898 0.528898
2249.278076 0.000000 2309.458496 0.000000 0.440768 0.000000 -0.897621 0.435515 0.435515 0.435515
2230.173828 0.000000 2322.043701 0.000000 0.359242 0.000000 -0.933244 0.506784 0.506784 0.506784
2223.447998 0.000000 2328.545166 0.000000 0.451507 0.000000 -0.892268 0.492138 0.492138 0.492138
2265.917236 0.000000 2360.625488 0.000000 0.310339 0.000000 -0.950626 0.522760 0.522760 0.522760
2257.664795 0.000000 2322.515381 0.000000 0.267403 0.000000 -0.963585 0.461699 0.461699 0.461699
2291.456055 0.000000 2422.632080 0.000000 0.479017 0.000000 -0.877806 0.422314 0.422314 0.422314
2325.668701 0.000000 2438.616943 0.000000 0.050762 0.000000 -0.998711 0.420492 0.420492 0.420492
2317.099609 0.000000 2448.604736 0.000000 0.075788 0.000000 -0.997124 0.473540 0.473540 0.473540
2314.565186 0.000000 2431.376953 0.000000 0.245181 0.000000 -0.969477 0.524150 0.524150 0.524150
2327.407959 0.000000 2440.666260 0.000000 0.389014 0.000000 -0.921232 0.521040 0.521040 0.521040
2363.001221 0.000000 2466.629150 0.000000 0.188029 0.000000 -0.982164 0.463048 0.463048 0.463048
2373.464844 0.000000 2433.610107 0.000000 0.046499 0.000000 -0.998918 0.478361 0.478361 0.478361
2370.356934 0.000000 2433.726318 0.000000 0.027739 0.000000 -0.999615 0.448468 0.448468 0.448468
2399.825928 0.000000 2493.434814 0.000000 0.040192 0.000000 -0.999192 0.421322 0.421322 0.421322
2403.991211 0.000000 2501.039062 0.000000 0.150982 0.000000 -0.988537 0.478690 0.478690 0.478690
2396.431641 0.000000 2492.820312 0.000000 0.565266 0.000000 -0.824909 0.462499 0.462499 0.462499
2403.104248 0.000000 2493.854492 0.000000 0.504141 0.000000 -0.863622 0.598938 0.598938 0.598938
2398.608887 0.000000 2490.852051 0.000000 0.065235 0.000000 -0.997870 0.540953 0.540953 0.540953
2403.200439 0.000000 2498.109375 0.000000 0.436298 0.000000 -0.899802 0.500914 0.500914 0.500914
2190.007324 0.000000 2742.140137 0.000000 0.084897 0.000000 -0.996390 0.419214 0.419214 0.419214
2217.967773 0.000000 2741.067871 0.000000 0.032207 0.000000 -0.999481 0.759960 0.759960 0.759960
2195.991699 0.000000 2744.477539 0.000000 0.279944 0.000000 -0.960016 0.749483 0.749483 0.749483
2192.244385 0.000000 2740.447754 0.000000 0.564907 0.000000 -0.825154 0.431254 0.431254 0.431254
2203.635498 0.000000 2734.300293 0.000000 0.524905 0.000000 -0.851161 0.498971 0.498971 0.498971
2215.591309 0.000000 2753.085938 0.000000 0.110486 0.000000 -0.993878 0.649557 0.649557 0.649557
2249.604492 0.000000 2738.704346 0.000000 0.453354 0.000000 -0.891331 0.540793 0.540793 0.540793
2261.934570 0.000000 2766.062012 0.000000 0.462982 0.000000 -0.886368 0.722828 0.722828 0.722828
2246.395264 0.000000 2741.305664 0.000000 0.523453 0.000000 -0.852055 0.741796 0.741796 0.741796
2182.056885 0.000000 2812.672119 0.000000 0.092156 0.000000 -0.995745 0.441033 0.441033 0.441033
2183.437256 0.000000 2822.778076 0.000000 0.246092 0.000000 -0.969246 0.440788 0.440788 0.440788
2223.447998 0.000000 2780.420166 0.000000 0.068722 0.000000 -0.997636 0.710896 0.710896 0.710896
2240.042236 0.000000 2767.741699 0.000000 0.370738 0.000000 -0.928738 0.432462 0.432462 0.432462
2260.994385 0.000000 2770.287109 0.000000 0.509209 0.000000 -0.860643 0.446876 0.446876 0.446876
2260.094971 0.000000 2783.135254 0.000000 0.130177 0.000000 -0.991491 0.642362 0.642362 0.642362
2250.565186 0.000000 2770.283203 0.000000 0.232587 0.000000 -0.972576 0.571909 0.571909 0.571909
2255.671387 0.000000 2769.263428 0.000000 0.342436 0.000000 -0.939541 0.686067 0.686067 0.686067
2263.407959 0.000000 2779.572510 0.000000 0.041630 0.000000 -0.999133 0.565523 0.565523 0.565523
2273.491699 0.000000 2773.629639 0.000000 0.550259 0.000000 -0.834994 0.462805 0.462805 0.462805
2141.958740 0.000000 2834.419189 0.000000 0.083574 0.000000 -0.996502 0.553639 0.553639 0.553639
2165.566895 0.000000 2836.680908 0.000000 0.488467 0.000000 -0.872582 0.508218 0.508218 0.508218
2186.565186 0.000000 2826.767578 0.000000 0.041287 0.000000 -0.999147 0.452562 0.452562 0.452562
"}
